-5104,15768,23,-0.00
-5908,15480,22,-0.03
-5692,14308,22,-0.07
-5572,16776,22,-0.08
-3292,16740,26,-0.02
-3344,14092,24,0.01
-1856,19288,27,0.11
76,19556,35,0.28
-1260,15520,46,0.48
400,18552,51,0.74
-820,16284,56,0.99
-832,16496,55,1.24
-408,16704,53,1.48
-988,16104,53,1.71
-1676,16424,45,1.89
-2896,16560,37,1.99
-2784,16008,31,2.07
-4092,17096,27,2.10
-4032,16264,25,2.12
-4280,16452,24,2.13
-3820,15384,22,2.13
-3608,16044,18,2.12
-3868,16204,14,2.09
-4040,14700,7,2.01
-2988,16332,1,1.93
-3200,16392,-2,1.84
-3280,16904,-7,1.72
-1196,16592,-10,1.63
-3252,16108,-9,1.50
-3252,17072,-5,1.39
-3620,16544,1,1.31
-4792,17464,9,1.24
-3752,17968,18,1.25
276,16636,22,1.35
-828,17140,23,1.44
-1944,17240,18,1.48
-1540,17676,18,1.52
-1320,16084,23,1.60
-2660,15360,28,1.66
-2684,18248,29,1.74
-932,15796,31,1.86
-1616,15004,34,1.98
-2432,15824,32,2.06
-2168,15372,32,2.16
-2784,16744,32,2.24
-2552,16716,30,2.32
-2816,16832,30,2.39
-2688,14692,26,2.43
-2204,17684,21,2.47
-2524,15924,19,2.49
-2992,16908,16,2.49
-1576,15596,10,2.48
-2448,15968,4,2.43
-1156,15244,-3,2.37
-2480,18252,-8,2.26
-2400,15848,-12,2.13
-4976,16428,-16,1.93
-2204,15732,-23,1.75
-3260,14840,-25,1.53
-4436,15472,-36,1.24
-4192,14680,-34,0.95
-5688,14768,-31,0.65
-1944,15916,-30,0.45
-2720,14332,-25,0.26
-2660,13992,-24,0.06
-1976,15080,-19,-0.08
-3440,16316,-15,-0.23
-2652,16156,-10,-0.34
-2800,14672,-3,-0.43
-2048,15220,4,-0.45
424,15060,11,-0.39
-1436,14252,21,-0.32
1612,14852,27,-0.14
-452,19324,40,0.05
-4996,15868,50,0.18
-200,16908,57,0.46
-3280,13648,65,0.69
-7636,25480,71,0.93
3484,26680,59,1.27
-484,11516,68,1.58
-2960,11272,61,1.78
428,21600,56,2.05
-4864,19876,62,2.25
-184,6440,63,2.54
-4812,14260,73,2.76
-4064,19840,73,3.03
116,8112,75,3.39
-3964,10192,70,3.57
-2388,16560,70,3.84
-7628,18688,69,4.01
-4124,15500,63,4.20
-2984,16588,61,4.41
-8524,17052,56,4.48
-6104,15204,40,4.51
-344,14272,34,4.64
-9804,18232,27,4.56
-6184,17276,13,4.46
-6404,13584,6,4.29
-9744,17884,-11,4.02
-6388,16124,-25,3.73
-6228,15696,-32,3.40
-7540,17352,-42,3.02
-6348,16220,-46,2.63
-5156,14940,-50,2.24
-5136,17444,-51,1.86
-6128,14912,-47,1.47
-1796,16176,-45,1.19
-2072,17540,-42,0.93
-2680,14496,-41,0.65
-2008,17020,-37,0.42
-740,16524,-22,0.29
204,18204,-8,0.25
576,17956,14,0.33
-712,15224,17,0.40
4060,15576,29,0.64
896,16436,42,0.86
2608,16184,44,1.13
320,17344,47,1.37
28,16004,43,1.57
588,16980,45,1.80
-972,16696,46,1.99
-1240,17368,43,2.17
-328,15540,42,2.35
-844,17220,43,2.53
-1344,15552,44,2.70
-1708,15284,42,2.85
-1728,17412,43,3.01
-2476,15200,44,3.14
-1644,16320,45,3.31
-1872,17792,44,3.47
-4852,17008,36,3.52
-1972,15984,31,3.60
-2984,19344,32,3.68
-2820,15888,29,3.73
-4444,16440,27,3.74
-2388,15828,20,3.76
-3284,16328,17,3.74
-6048,16952,4,3.61
-3256,16176,0,3.51
-4400,16312,2,3.40
-2692,16736,0,3.32
-2752,15632,3,3.24
-2980,16404,4,3.17
-2156,16012,4,3.12
-3160,16312,5,3.05
-1936,16828,5,3.01
-1680,15968,7,2.99
-1372,16392,8,2.98
-1308,16288,9,2.97
-1712,16244,7,2.95
-660,16316,6,2.94
-1168,16216,6,2.93
-920,16444,2,2.90
-700,16416,2,2.87
-576,16220,1,2.84
-508,16352,1,2.82
-632,16348,0,2.78
-536,16308,-1,2.75
-240,16364,-2,2.72
-480,16392,-2,2.68
-428,16524,-2,2.64
-208,16464,-2,2.61
-332,16356,-1,2.58
-244,16320,1,2.56
-64,16520,2,2.55
-544,16208,2,2.53
-352,16232,2,2.52
-452,16508,1,2.49
-396,16528,0,2.47
-388,16364,0,2.44
-400,16244,-1,2.41
-428,16364,-2,2.38
-404,16356,-2,2.34
-128,16268,-1,2.32
-564,16372,-2,2.28
-404,16416,-2,2.25
-344,16372,-3,2.21
-532,16196,-4,2.16
-356,16296,-4,2.12
-372,16224,-4,2.08
-500,16504,-5,2.03
-388,16408,-5,1.98
-340,16432,-5,1.93
-724,16332,-5,1.88
-252,16384,-6,1.83
-536,16252,-6,1.78
-592,16300,-6,1.72
-296,16428,-6,1.67
-584,16184,-5,1.62
-360,16400,-4,1.59
-364,16256,-2,1.56
-120,16200,1,1.55
-88,16272,5,1.56
-344,16372,8,1.58
-512,16428,10,1.61
120,16264,14,1.67
-80,16408,19,1.75
-328,16072,23,1.85
-192,16164,28,1.97
88,16488,33,2.12
40,15756,36,2.29
-452,16764,37,2.45
-644,16136,35,2.59
-528,16020,32,2.72
-904,16372,27,2.82
-232,16500,24,2.91
-576,16620,23,2.99
-176,16788,21,3.07
20,16408,20,3.15
-608,16840,17,3.20
-300,16480,12,3.23
-688,16448,7,3.23
-1644,16764,-3,3.16
-324,16472,-7,3.10
240,16348,-9,3.04
-300,16264,-8,2.97
-192,16504,-12,2.89
-800,16488,-13,2.78
-256,16072,-14,2.69
148,16276,-12,2.62
80,16272,-10,2.55
-8,16628,-9,2.49
96,16372,-7,2.44
40,16284,-5,2.40
-60,16340,-4,2.36
-436,16084,-5,2.31
-104,16392,-6,2.26
-212,16344,-6,2.22
12,16268,-6,2.17
-156,16240,-5,2.13
-152,16332,-6,2.08
-68,16324,-6,2.04
-96,16424,-6,1.99
-40,16480,-6,1.95
-80,16308,-6,1.90
-148,16300,-6,1.86
-224,16560,-6,1.81
-116,16268,-6,1.76
-360,16288,-5,1.72
-264,16396,-6,1.67
-316,16420,-5,1.63
-316,16460,-4,1.59
-160,16192,-3,1.56
-84,16420,0,1.55
-336,16256,3,1.55
-92,16188,7,1.57
212,16088,13,1.63
620,16240,22,1.74
472,16592,29,1.88
336,16720,35,2.05
-224,15944,38,2.22
336,16248,39,2.41
-108,16184,40,2.59
4,15664,38,2.76
-776,16212,36,2.91
-348,16800,32,3.04
-116,16188,30,3.16
-192,16484,26,3.27
312,16212,22,3.36
-644,16444,18,3.41
-20,16608,14,3.46
188,16408,11,3.50
-656,16404,7,3.49
-592,16592,-1,3.45
-724,16392,-6,3.38
-28,16672,-11,3.31
428,16676,-11,3.24
-32,16252,-10,3.17
668,16304,-7,3.13
644,16252,-1,3.12
180,16224,3,3.11
364,16420,3,3.12
-76,16240,3,3.11
-76,16420,1,3.09
328,16472,0,3.08
296,16420,2,3.08
304,16248,2,3.07
12,16492,2,3.06
264,16396,2,3.06
268,16280,3,3.06
220,16428,3,3.06
168,16136,3,3.06
252,16344,4,3.06
360,16364,5,3.08
188,16192,5,3.09
252,16384,4,3.09
540,16452,5,3.11
336,16452,6,3.12
192,16236,6,3.14
244,16280,6,3.15
448,16244,6,3.17
296,16396,6,3.19
280,16288,6,3.20
344,16196,7,3.22
316,16476,7,3.25
340,16260,7,3.27
452,16328,7,3.29
420,16336,7,3.31
428,16456,8,3.34
448,16432,8,3.37
480,16384,8,3.40
520,16368,8,3.43
420,16076,9,3.46
460,16364,9,3.49
552,16196,9,3.53
488,16416,9,3.56
528,16420,10,3.60
476,16212,10,3.63
512,16276,10,3.67
728,16384,10,3.71
536,16408,11,3.76
592,16356,11,3.80
780,16424,11,3.85
572,16288,11,3.89
664,16428,12,3.94
584,16196,12,3.99
632,16408,13,4.04
532,16344,13,4.09
748,16232,13,4.14
896,16384,13,4.20
1044,16556,13,4.26
324,16156,13,4.31
1064,16200,13,4.37
512,16332,13,4.42
1768,16312,1,4.43
1916,16096,3,4.46
-4112,14712,-16,4.25
2040,17752,-30,4.12
520,16152,-28,3.96
-432,16524,-37,3.74
2200,17256,-41,3.56
180,16012,-39,3.35
188,16188,-42,3.12
844,16100,-40,2.92
748,16596,-38,2.73
388,16348,-34,2.55
616,16264,-31,2.40
812,16276,-27,2.27
504,16168,-22,2.15
864,16364,-17,2.08
484,16048,-10,2.02
1152,16220,-2,2.03
1176,16040,8,2.08
728,16220,16,2.16
856,16220,23,2.28
416,15964,27,2.41
216,16052,27,2.54
-64,16312,24,2.64
-148,16708,20,2.72
140,16316,19,2.80
-184,16068,22,2.88
-1668,16840,36,3.00
-1956,16852,49,3.18
-976,15236,54,3.41
40,17696,41,3.59
684,17352,37,3.76
-1696,15572,30,3.85
2188,16500,31,4.03
660,16132,31,4.17
-220,16916,22,4.25
2492,16872,12,4.33
-208,16008,7,4.33
2156,16844,-9,4.31
1664,17092,-13,4.25
212,16668,-19,4.13
1340,16756,-29,3.99
848,16684,-32,3.83
716,15456,-39,3.63
1648,16676,-43,3.43
2104,16656,-45,3.23
1692,15852,-46,3.02
1512,16196,-48,2.79
1712,16012,-49,2.57
2132,15976,-49,2.36
1940,17012,-48,2.15
2100,15684,-48,1.95
2452,16420,-49,1.75
2164,16280,-47,1.55
2028,16072,-47,1.36
2500,16208,-46,1.18
3468,16524,-43,1.04
2112,14960,-28,0.94
7944,18100,-16,1.01
3468,15048,2,1.10
4284,16904,-4,1.17
3208,17256,-10,1.18
2160,15348,-20,1.13
2972,17132,-27,1.05
2936,16464,-28,0.97
2468,15892,-29,0.88
2796,16692,-27,0.80
2304,16544,-24,0.73
2060,16872,-19,0.68
2340,15832,-12,0.67
728,16092,-8,0.64
1012,16004,-3,0.65
128,16476,4,0.66
328,17260,12,0.73
-352,16216,18,0.80
996,15276,24,0.94
-52,17292,34,1.10
-364,16052,36,1.27
1220,16460,39,1.48
-856,16236,42,1.66
-356,15972,40,1.84
132,15640,41,2.03
-40,18492,42,2.23
-32,15544,40,2.41
-216,15492,39,2.58
-380,16772,37,2.74
-108,14036,34,2.89
140,17948,30,3.02
428,15900,27,3.15
-668,15192,20,3.21
412,18056,12,3.25
-1184,15740,4,3.22
540,16404,-4,3.20
-92,16316,-8,3.13
-248,16644,-14,3.04
304,16812,-20,2.92
-140,16792,-24,2.78
-96,16364,-30,2.61
-372,16372,-35,2.41
-796,16400,-41,2.18
-32,16076,-45,1.94
-632,16792,-47,1.68
508,16560,-49,1.43
-504,16644,-50,1.16
-288,15548,-43,0.94
2620,17936,-32,0.83
1660,16128,-13,0.79
-164,15120,-2,0.78
-452,16556,2,0.77
-132,16432,6,0.79
564,16396,10,0.85
752,15980,18,0.95
496,15944,27,1.09
-44,15248,36,1.26
972,16060,44,1.49
-8,14808,50,1.73
172,16640,49,1.97
-248,17108,49,2.19
-156,16024,46,2.40
72,16440,47,2.62
260,14948,46,2.84
1048,18308,44,3.06
-716,16224,43,3.24
-176,16476,35,3.39
336,17384,30,3.52
-452,16104,24,3.61
136,16720,17,3.67
-796,16064,11,3.68
260,17104,1,3.67
-696,16592,-5,3.60
-360,16896,-17,3.49
-1136,16288,-28,3.30
-1212,16564,-45,3.03
-336,17044,-55,2.72
240,15944,-60,2.41
200,16340,-60,2.10
264,16532,-59,1.80
168,15980,-56,1.52
320,16220,-53,1.25
280,16148,-48,1.01
836,16296,-38,0.84
1744,16968,-20,0.77
1180,16100,-4,0.77
-536,16292,5,0.78
-260,17184,9,0.81
1208,15844,19,0.93
1196,16664,31,1.11
716,15132,39,1.31
-832,16276,43,1.50
-24,15360,42,1.69
1168,16224,48,1.95
-36,16172,53,2.20
-296,15776,55,2.45
516,16200,53,2.71
92,16392,52,2.95
640,16524,50,3.20
108,16072,48,3.41
-104,17080,44,3.61
-432,16560,37,3.76
-308,15936,28,3.87
-164,17592,18,3.93
-632,16696,6,3.92
-536,16372,-7,3.84
-452,17076,-17,3.72
-420,16456,-27,3.55
64,16252,-33,3.37
192,16456,-37,3.17
-1064,16452,-43,2.91
336,16800,-48,2.66
8,15412,-47,2.41
168,16272,-45,2.17
780,16564,-42,1.97
-40,15820,-38,1.76
136,16268,-35,1.58
3844,16836,-21,1.55
-1572,16516,-13,1.44
412,16568,-16,1.36
-1016,16020,-16,1.25
36,17044,-19,1.15
20,15536,-15,1.07
1064,17316,-6,1.05
3464,15168,21,1.23
-1256,15792,32,1.36
2148,16164,39,1.59
-160,15628,44,1.79
-272,16192,41,1.98
856,16036,45,2.21
148,16204,48,2.44
-932,15856,48,2.64
668,16360,45,2.86
408,16332,46,3.08
-288,15864,42,3.26
740,16620,39,3.45
-232,16732,36,3.60
100,16176,30,3.73
332,16436,24,3.83
-668,16936,15,3.86
260,16644,3,3.86
-632,16568,-5,3.79
-40,16488,-15,3.69
128,16208,-20,3.57
284,16232,-23,3.44
636,16088,-22,3.32
804,16164,-20,3.22
740,16396,-17,3.13
352,16180,-14,3.05
876,16136,-11,3.00
1016,16216,-6,2.97
812,16296,-2,2.96
720,16100,2,2.97
652,16352,5,2.99
628,16300,7,3.02
748,16396,9,3.06
520,16440,10,3.10
468,16180,10,3.14
380,16288,10,3.18
452,16444,10,3.22
500,16376,10,3.26
704,16220,11,3.31
712,16408,13,3.37
728,16312,14,3.43
536,16312,15,3.50
784,16124,15,3.57
540,16288,16,3.63
596,16104,17,3.71
704,16296,18,3.79
744,16284,19,3.88
584,16300,19,3.96
940,16248,19,4.05
464,16312,18,4.12
620,16352,15,4.18
880,16412,13,4.24
620,16252,11,4.28
408,16764,7,4.30
1088,16616,5,4.32
164,15800,1,4.30
920,16772,-3,4.28
44,16720,-11,4.19
540,16688,-19,4.08
-120,16512,-23,3.94
328,16428,-29,3.78
1776,16376,-28,3.66
-292,16228,-27,3.49
1296,16676,-29,3.35
400,16644,-27,3.21
652,15964,-26,3.07
876,16228,-25,2.95
524,16436,-22,2.83
980,16136,-19,2.74
1000,16024,-14,2.68
1008,16256,-9,2.64
1072,15844,-4,2.62
1048,16232,1,2.64
904,16380,4,2.66
1304,16484,8,2.71
388,15796,11,2.76
828,16328,12,2.82
1204,16244,16,2.91
1020,15888,21,3.02
1188,16116,26,3.15
1352,16228,31,3.32
1060,15916,34,3.49
1152,16528,35,3.67
-256,16728,27,3.77
452,16784,22,3.87
1064,16112,20,3.97
1176,16288,21,4.07
-224,16640,15,4.11
740,16088,10,4.15
152,16708,2,4.14
2028,16644,-2,4.15
-696,15832,-3,4.09
1264,17136,-10,4.04
-352,16676,-14,3.94
688,16712,-21,3.82
1552,15912,-21,3.73
616,16384,-20,3.62
488,16144,-23,3.49
732,15356,-26,3.36
868,16504,-26,3.23
652,16200,-25,3.10
480,16496,-25,2.96
1536,16004,-22,2.87
524,16176,-18,2.77
972,16840,-15,2.70
1068,15924,-13,2.65
756,16460,-10,2.60
612,16376,-8,2.55
1408,15600,-4,2.55
900,16884,2,2.56
1232,15928,5,2.60
1588,16444,11,2.67
1060,16328,16,2.76
1056,16032,17,2.85
984,16256,20,2.96
608,15640,22,3.06
780,16696,24,3.18
1212,16588,27,3.32
560,16172,26,3.44
-100,16520,22,3.52
1016,15844,19,3.62
1220,16440,20,3.72
1316,16764,19,3.82
-152,15884,17,3.88
248,16196,9,3.90
700,16276,5,3.92
1736,16304,4,3.95
540,16064,1,3.94
900,16364,-4,3.92
1276,16776,-8,3.88
536,16008,-11,3.81
960,18168,-17,3.72
1008,16484,-21,3.62
-40,15824,-22,3.48
1176,18764,-23,3.37
1404,15300,-20,3.28
140,15916,-21,3.16
1168,17508,-22,3.05
408,14524,-20,2.95
1320,18100,-19,2.86
1400,16476,-15,2.80
440,14092,-13,2.73
2280,17400,-9,2.71
476,16432,-6,2.68
848,16336,-7,2.64
1396,16896,-2,2.65
512,16304,1,2.65
1972,16020,1,2.68
1028,16104,8,2.73
1156,16456,11,2.79
1100,16272,13,2.86
420,15764,16,2.93
1320,15832,16,3.02
1392,16256,17,3.12
916,15676,19,3.22
772,16000,18,3.30
1504,16512,19,3.41
644,15628,19,3.50
1008,16536,20,3.60
1104,15324,19,3.69
-2128,15360,20,3.72
-2788,18168,31,3.79
-2180,16712,43,3.93
-780,16520,43,4.10
-1384,17244,31,4.20
1184,17400,24,4.31
2508,16028,22,4.45
2044,16340,15,4.54
1720,18236,-3,4.53
1888,16360,-14,4.48
2056,17676,-25,4.37
3936,16132,-35,4.26
3220,16568,-39,4.11
1828,17208,-50,3.87
2360,16448,-61,3.60
1324,16928,-64,3.29
1452,15340,-69,2.96
3056,15392,-70,2.66
1688,16172,-69,2.34
1980,17492,-72,2.01
2104,14296,-72,1.70
1612,17080,-73,1.36
2840,15452,-73,1.06
2596,16792,-69,0.76
3028,16276,-65,0.51
2688,14656,-57,0.29
5988,16864,-45,0.19
2540,13060,-26,0.13
8288,15440,-16,0.24
7176,15696,9,0.44
4520,15000,13,0.62
7948,16828,19,0.87
3904,15104,24,1.08
6448,16240,21,1.32
5092,17040,19,1.52
2428,16032,4,1.59
3580,16912,-13,1.59
2300,16360,-21,1.53
3812,16164,-26,1.48
2604,16280,-30,1.38
1916,15988,-34,1.24
1644,16136,-39,1.08
1428,16524,-38,0.92
764,16140,-39,0.74
1512,15904,-37,0.58
1104,16432,-36,0.43
992,16040,-33,0.28
1008,16328,-29,0.16
1624,16300,-21,0.09
1644,16052,-11,0.07
1288,16592,-4,0.08
652,15832,6,0.13
-168,15868,13,0.19
1092,15912,22,0.32
1308,16068,31,0.50
-452,16184,39,0.68
608,15636,42,0.90
392,14488,48,1.15
0,18044,50,1.39
484,16884,53,1.65
-312,14468,53,1.90
196,19236,52,2.15
-744,15416,50,2.36
-96,15104,44,2.56
-780,17192,43,2.74
-248,16944,38,2.91
268,15796,34,3.06
-416,17944,27,3.17
-292,14840,21,3.24
-240,16908,13,3.28
736,17144,7,3.31
144,15096,0,3.29
-908,16560,-10,3.20
-1464,17944,-22,3.04
-1664,16188,-43,2.77
152,17764,-54,2.48
84,15188,-62,2.16
-192,15348,-63,1.83
512,16980,-62,1.52
20,15988,-59,1.22
72,16596,-59,0.92
352,16504,-55,0.65
-332,16200,-53,0.37
-444,16224,-52,0.10
-228,16324,-48,-0.14
228,18076,-36,-0.32
708,16280,-21,-0.40
3384,17128,5,-0.30
448,16372,33,-0.12
1736,16036,47,0.15
-748,16824,59,0.43
408,16360,63,0.75
-592,15212,70,1.07
312,14700,73,1.44
784,16760,79,1.84
-112,16060,81,2.23
1384,15580,82,2.65
404,14924,82,3.05
584,16512,76,3.42
-292,16776,67,3.73
-488,16036,55,3.96
848,17428,41,4.16
-368,15156,33,4.29
-1984,16348,19,4.31
784,17540,-5,4.27
-4384,17804,-22,4.04
-1600,16896,-54,3.71
788,17468,-64,3.39
-92,16672,-64,3.04
-4,15748,-63,2.71
92,16548,-54,2.43
-1428,16104,-43,2.16
-468,15732,-36,1.96
-1004,15836,-27,1.79
-712,16064,-22,1.65
328,16672,-14,1.58
-1404,15036,-7,1.50
-488,16420,-5,1.45
-276,16784,-1,1.43
-168,15872,-1,1.41
900,16616,-2,1.41
576,16320,-1,1.41
3264,17776,3,1.49
364,16852,8,1.52
2816,15728,5,1.61
3460,17284,12,1.73
2680,16536,11,1.83
1084,16172,1,1.85
2000,16620,-7,1.85
2516,16640,-11,1.84
2104,16488,-15,1.80
2672,15996,-19,1.76
1860,15880,-23,1.68
2536,16288,-29,1.58
2384,17000,-29,1.48
1280,15584,-34,1.33
1896,16600,-39,1.17
924,16420,-38,0.99
2088,15836,-35,0.86
1912,17432,-27,0.77
796,15052,-21,0.68
1276,17100,-17,0.62
856,16788,-11,0.58
588,15904,-4,0.57
2176,17060,4,0.63
748,15880,12,0.70
1600,16940,16,0.81
672,14568,21,0.93
872,16924,20,1.04
1088,15792,24,1.18
2344,16776,25,1.35
1824,17156,27,1.52
1800,14400,25,1.68
1632,17792,21,1.80
-312,16472,16,1.87
556,16364,12,1.93
200,16708,10,1.97
1840,14980,11,2.05
20,16068,11,2.10
532,15984,5,2.12
16,16072,5,2.13
-752,16536,1,2.10
132,15912,0,2.09
-492,16896,5,2.09
-420,15372,7,2.10
-876,16688,12,2.13
-868,16700,13,2.16
-1220,16232,11,2.17
-684,16864,12,2.20
-1012,15772,12,2.22
-1404,15264,15,2.25
-192,17804,16,2.31
-1780,16100,19,2.35
-1184,15680,15,2.38
-1384,17332,12,2.39
-1968,16544,7,2.37
-216,16060,4,2.36
-872,15412,5,2.35
-124,16956,2,2.34
172,15976,-1,2.33
-4,16604,-4,2.29
-28,15664,-6,2.25
-364,15480,-11,2.17
-624,15348,-12,2.08
100,18572,-14,2.00
-608,14636,-16,1.89
232,16716,-18,1.79
356,16500,-21,1.69
-548,15492,-21,1.56
76,16708,-23,1.43
-204,15204,-26,1.29
400,17560,-26,1.16
-1272,15256,-26,0.99
-484,16560,-25,0.85
1080,16888,-18,0.78
2532,16260,-11,0.78
3196,13372,-3,0.85
3512,18236,0,0.91
4888,16808,-5,0.99
3384,15568,2,1.07
1612,16540,4,1.12
1808,15900,3,1.17
-672,14836,-2,1.14
3300,19016,-1,1.19
-312,14368,6,1.21
612,16360,0,1.21
1796,16016,1,1.25
640,13696,3,1.28
1304,16704,-1,1.29
2212,17396,1,1.34
2420,19996,2,1.38
-12,15004,0,1.37
2392,16424,0,1.42
1844,17240,3,1.46
2340,14072,5,1.54
-152,15424,5,1.55
2248,18184,1,1.59
-140,11912,8,1.62
1832,20660,9,1.69
3672,17268,12,1.81
1496,16104,21,1.94
-288,16200,22,2.03
1552,16980,23,2.17
1364,16252,29,2.33
488,14856,29,2.47
872,17976,25,2.59
108,16880,19,2.67
1048,16692,14,2.75
-12,15956,15,2.81
872,17056,13,2.87
-40,16432,15,2.93
-416,16604,13,2.96
476,16904,14,3.02
-464,16200,15,3.07
-388,17032,8,3.08
84,17944,1,3.06
-452,15336,-7,3.00
1292,16816,-12,2.95
368,17632,-12,2.88
176,14240,-14,2.79
284,16748,-13,2.72
-500,16380,-14,2.62
484,15468,-17,2.53
620,18688,-17,2.44
-656,14516,-20,2.31
208,16204,-23,2.18
-124,17968,-23,2.05
128,14404,-25,1.92
-240,16944,-25,1.77
-160,16352,-25,1.63
804,14620,-21,1.54
204,16256,-13,1.47
860,16796,-7,1.44
836,15504,0,1.46
-660,17540,3,1.45
584,16476,9,1.49
1828,16512,20,1.63
2100,14956,33,1.83
-332,16132,41,2.02
-500,18376,40,2.19
704,13736,43,2.41
636,18096,46,2.63
436,15720,49,2.87
272,15972,48,3.10
12,17184,46,3.31
-1584,18852,37,3.44
124,15036,26,3.55
-736,17900,18,3.60
112,16360,7,3.61
-388,15484,1,3.58
944,17420,-3,3.56
-240,16320,-4,3.51
-96,15868,-9,3.44
216,17352,-13,3.36
32,14920,-15,3.27
108,17372,-20,3.15
-4,16900,-23,3.01
-300,16112,-29,2.84
-108,16708,-33,2.66
24,16548,-37,2.46
192,15800,-39,2.25
128,16736,-39,2.04
-200,16212,-41,1.82
-80,15260,-39,1.61
592,16540,-27,1.48
1596,15932,-15,1.44
1372,16440,1,1.46
1020,15640,7,1.51
364,15368,15,1.59
-312,16480,19,1.66
1440,16264,26,1.82
-288,15416,33,1.96
792,16956,36,2.14
104,15748,38,2.32
-64,16016,38,2.49
1188,18268,38,2.69
-164,15276,42,2.88
168,15540,39,3.06
412,17192,39,3.24
108,16448,37,3.40
784,16636,34,3.57
-380,16564,30,3.68
-240,16316,23,3.77
-244,16912,14,3.81
-228,17260,5,3.80
-196,16736,-4,3.75
284,16584,-12,3.67
8,16660,-17,3.57
564,16592,-22,3.45
200,16448,-25,3.30
-228,16416,-30,3.13
764,16484,-30,2.98
368,16152,-29,2.82
952,16464,-27,2.69
284,16244,-23,2.56
452,16160,-23,2.44
696,16356,-20,2.34
432,16192,-18,2.25
416,16212,-16,2.16
272,16280,-15,2.08
412,16196,-15,2.00
328,16336,-14,1.93
228,16172,-13,1.86
504,16440,-10,1.81
248,16268,-9,1.76
536,16232,-7,1.72
452,16340,-5,1.70
356,16480,-2,1.68
184,15964,1,1.68
544,16336,4,1.70
368,16096,11,1.75
2668,15920,25,1.93
632,15300,40,2.13
616,15820,43,2.35
964,16916,48,2.59
-396,15956,48,2.80
1144,16436,45,3.03
120,16476,46,3.24
488,15904,42,3.44
700,16824,40,3.64
-536,16808,33,3.76
0,16300,23,3.85
-32,17120,16,3.91
288,16304,8,3.93
1392,16092,8,3.97
312,16120,6,3.98
1332,16648,5,4.01
188,16080,7,4.03
1284,16120,6,4.06
1528,16496,11,4.12
1052,15972,11,4.17
60,16476,10,4.20
432,16764,1,4.18
720,16864,-4,4.15
-628,16520,-14,4.04
1388,17032,-20,3.95
820,15368,-17,3.86
748,16112,-15,3.77
1596,16860,-13,3.72
-168,16052,-14,3.62
1272,16752,-17,3.54
1584,16140,-13,3.49
1488,15988,-9,3.46
1576,16296,-3,3.46
972,15792,0,3.46
48,16548,-4,3.42
1116,16904,-3,3.40
1316,15924,-3,3.40
1700,16220,4,3.43
1128,16092,9,3.48
1552,16048,13,3.56
1148,16256,17,3.65
-176,16420,12,3.68
1504,17184,10,3.74
488,16148,10,3.77
2036,16128,10,3.85
820,16356,16,3.92
1276,16164,13,3.99
-336,16812,11,4.01
564,16360,3,4.01
1544,16196,6,4.05
1048,15968,9,4.09
1304,16688,7,4.13
-820,16840,3,4.10
920,17364,-3,4.08
1452,15860,-3,4.07
420,16964,-5,4.03
284,16992,-12,3.95
1516,16272,-13,3.89
1380,15504,-10,3.85
888,17132,-11,3.79
-100,16464,-12,3.70
1324,16016,-16,3.63
1352,16248,-12,3.58
1388,16380,-10,3.54
504,16156,-11,3.47
272,15832,-14,3.38
2736,17212,-12,3.36
532,16096,-5,3.33
1856,15696,-5,3.33
1136,16428,1,3.33
536,16296,-2,3.32
1616,16524,-2,3.32
480,15872,1,3.31
964,17164,2,3.32
1652,16208,4,3.36
728,15788,6,3.39
836,16100,7,3.42
1852,16604,6,3.47
1108,15076,11,3.53
1248,16324,10,3.58
1908,16660,12,3.66
256,16116,12,3.70
752,16400,7,3.73
1576,15884,7,3.78
-504,16028,5,3.77
1944,17080,0,3.78
1480,16236,2,3.80
324,16024,1,3.79
1592,17120,-1,3.80
512,15480,-2,3.77
732,15340,-6,3.74
1368,17384,-6,3.71
1128,15988,-8,3.67
1272,15324,-9,3.64
1232,17308,-8,3.60
720,15908,-8,3.55
600,15868,-10,3.49
1712,17548,-9,3.46
324,16320,-7,3.41
1436,16744,-9,3.38
1540,16624,-8,3.35
724,15244,-7,3.31
1616,17060,-10,3.28
1240,15624,-4,3.26
76,15496,-5,3.22
1904,17376,-2,3.23
1216,15668,1,3.24
1876,16028,2,3.28
564,17640,4,3.29
204,15148,-1,3.26
2724,16656,2,3.31
724,16668,6,3.34
1472,15352,7,3.39
1384,16456,10,3.45
1252,16808,8,3.49
756,15256,6,3.52
1292,17156,4,3.54
1272,16396,4,3.57
1480,15628,4,3.60
984,16584,5,3.62
800,16948,1,3.62
680,16556,-2,3.60
1096,16632,-5,3.58
792,16700,-8,3.53
1584,15348,-8,3.51
916,17304,-6,3.48
1540,16440,-8,3.45
1300,16176,-5,3.43
1300,17128,-8,3.40
916,15408,-7,3.36
824,16404,-10,3.31
1836,16688,-11,3.28
476,15060,-9,3.22
1648,16148,-10,3.19
1048,16860,-6,3.16
1572,16892,-6,3.15
1252,15512,-3,3.14
2136,16180,-9,3.13
3016,16560,-10,3.12
3060,15776,-17,3.09
4632,16564,-23,3.06
3604,15564,-33,2.96
3564,17572,-47,2.78
2392,16340,-53,2.56
2944,16068,-56,2.33
3864,15928,-60,2.11
3964,17172,-54,1.91
4788,15608,-50,1.76
3676,15544,-48,1.60
3912,16472,-48,1.44
2568,16020,-48,1.25
4476,17312,-44,1.12
2564,15760,-36,1.00
4004,15724,-31,0.93
4228,16148,-20,0.92
4816,15760,-8,0.99
4128,15884,-2,1.07
3912,16712,-2,1.14
2584,15860,-4,1.17
2940,16372,-7,1.19
2848,16708,-6,1.22
2204,16196,-8,1.22
2560,16616,-8,1.23
2120,15984,-10,1.23
1408,16068,-15,1.18
1816,16296,-18,1.12
2340,16200,-18,1.08
2236,16772,-19,1.03
1232,16040,-21,0.95
2400,16036,-23,0.88
2428,16024,-20,0.83
2456,16312,-19,0.79
2300,16880,-20,0.74
1552,16148,-22,0.66
2460,15948,-20,0.61
2688,16864,-17,0.58
960,15880,-15,0.53
1560,16872,-15,0.49
632,17140,-10,0.45
600,15284,-6,0.43
892,17572,1,0.45
156,16388,8,0.49
140,15608,14,0.56
796,17436,20,0.67
1316,16492,27,0.83
-396,16512,34,0.99
168,16844,35,1.16
904,16556,40,1.37
-556,15548,43,1.56
-72,16196,42,1.76
216,15664,42,1.96
172,17060,39,2.14
-584,15040,39,2.31
-196,17396,34,2.46
392,16264,32,2.61
-468,16176,28,2.72
532,16336,25,2.84
-392,15656,24,2.93
172,17700,19,3.01
164,15824,17,3.08
-8,17404,14,3.13
-4,16444,8,3.15
-992,16256,1,3.11
-116,17236,-8,3.04
-788,15716,-17,2.92
-668,17144,-28,2.75
-788,17500,-37,2.53
-628,15616,-47,2.26
-68,16264,-52,1.99
-144,16844,-55,1.70
-168,16660,-58,1.40
-144,16092,-59,1.09
-116,16116,-54,0.81
3220,17756,-44,0.66
2220,17572,-20,0.60
64,14716,-8,0.56
808,16368,1,0.58
-648,16068,5,0.58
304,16248,7,0.62
-828,16104,12,0.66
400,16004,22,0.77
2532,16640,36,1.00
704,16416,48,1.25
-212,15612,50,1.49
76,15168,50,1.73
-192,15892,50,1.96
800,17000,48,2.20
160,16520,48,2.43
-580,16528,45,2.62
188,16620,40,2.81
-560,16616,37,2.96
24,16892,32,3.10
40,16952,30,3.23
-492,16928,25,3.32
-152,16844,20,3.40
-516,16140,14,3.43
300,16340,6,3.45
116,16724,-2,3.42
-704,15928,-10,3.33
-352,16772,-21,3.19
-464,17088,-28,3.02
-976,16280,-39,2.79
112,16700,-47,2.54
164,16684,-50,2.28
-404,16224,-53,1.99
4,16368,-56,1.70
-340,16504,-56,1.40
-320,15876,-56,1.10
696,16244,-54,0.85
332,16188,-46,0.62
1808,16664,-33,0.49
4304,16548,-14,0.52
-424,15452,10,0.55
960,16056,14,0.64
1908,16696,26,0.81
-1468,14456,31,0.92
1464,15932,34,1.12
1184,17028,47,1.37
-208,15604,54,1.62
884,14796,56,1.91
172,17008,60,2.20
216,15792,60,2.49
92,15952,60,2.77
-616,17512,58,3.03
128,16284,55,3.29
-112,16096,51,3.52
-748,17452,42,3.68
168,17156,33,3.83
-848,16240,23,3.90
-688,16532,10,3.91
88,17144,1,3.89
-588,16620,-8,3.81
468,16548,-17,3.71
-1684,17088,-26,3.52
1184,17192,-39,3.33
-1348,16788,-42,3.07
224,16656,-51,2.80
536,16072,-46,2.56
-52,16144,-43,2.33
1668,16400,-38,2.17
-72,15820,-28,2.01
936,16224,-25,1.90
588,16356,-18,1.81
292,16272,-15,1.73
352,16832,-13,1.66
-104,16324,-11,1.59
64,16232,-12,1.52
332,16452,-11,1.47
-192,15904,-6,1.42
960,16420,-1,1.43
1632,16464,11,1.51
828,16356,21,1.63
484,15724,25,1.75
-104,15988,29,1.88
12,16288,30,2.02
1100,15828,33,2.19
112,16368,37,2.37
212,16632,37,2.54
-140,15972,36,2.70
648,16352,33,2.86
240,16928,32,3.00
140,16328,28,3.13
396,16456,25,3.24
-420,16596,19,3.30
-100,16612,9,3.32
-312,16564,2,3.30
620,16660,-2,3.29
876,16196,-1,3.28
524,16148,1,3.28
724,16484,1,3.28
668,16072,2,3.28
468,16084,3,3.28
1144,16372,6,3.32
796,16228,8,3.35
628,16352,9,3.39
716,16388,10,3.44
700,16148,10,3.48
756,16460,11,3.53
968,16340,13,3.59
628,16424,13,3.65
768,16204,14,3.71
928,16396,15,3.78
752,16260,16,3.85
844,16232,17,3.93
1032,16352,17,4.01
1064,16176,19,4.11
1064,16548,19,4.20
808,16408,18,4.28
696,16556,16,4.35
-64,17056,5,4.34
-116,18184,-8,4.27
224,17372,-19,4.15
-332,15184,-29,3.97
1428,16268,-32,3.82
844,15948,-28,3.68
660,15864,-28,3.53
560,16868,-31,3.36
4,16180,-33,3.18
1692,16312,-35,3.02
576,16580,-30,2.87
708,15520,-28,2.73
1384,16544,-24,2.62
500,16148,-21,2.51
856,15796,-19,2.42
628,15980,-14,2.35
972,16560,-8,2.32
796,15808,-2,2.31
1224,16544,4,2.34
1220,16108,13,2.42
1412,16004,20,2.54
1396,16356,27,2.69
740,16244,33,2.85
1340,15748,36,3.04
724,16448,40,3.24
952,16432,40,3.44
-124,16324,35,3.58
148,16600,31,3.72
1432,15968,32,3.89
980,16000,35,4.06
1652,16612,30,4.22
572,17584,27,4.34
1504,16256,18,4.43
912,16656,13,4.49
40,16748,3,4.47
-736,16732,-6,4.40
576,16164,-17,4.30
1612,17340,-20,4.21
560,16412,-23,4.08
-48,15676,-30,3.90
1248,15624,-34,3.73
68,16308,-34,3.54
1308,16092,-38,3.36
528,15932,-35,3.18
1268,16536,-36,3.01
1604,16500,-33,2.86
-36,15260,-30,2.69
1508,17456,-29,2.56
1148,15872,-24,2.45
508,15744,-21,2.34
1140,17000,-17,2.27
1024,15732,-10,2.23
1428,16092,-5,2.22
1372,16720,1,2.25
1220,15444,6,2.29
872,15336,12,2.36
1728,17324,16,2.46
1200,15256,23,2.59
1004,15908,26,2.72
1352,16996,31,2.89
320,15604,34,3.04
1836,15908,36,3.25
1096,16448,41,3.45
1196,15936,41,3.66
1032,16608,39,3.86
520,16676,34,4.01
320,16024,26,4.12
464,17516,18,4.19
36,16788,10,4.22
1532,16252,3,4.24
180,16888,2,4.23
1160,16508,-6,4.19
928,16036,-9,4.14
20,16388,-17,4.03
896,16160,-25,3.90
1280,16112,-27,3.77
232,16140,-29,3.61
1044,16740,-32,3.45
1172,16652,-33,3.29
188,15592,-32,3.11
968,16920,-36,2.94
1584,17200,-32,2.79
236,14828,-32,2.62
1924,15832,-31,2.50
1224,16340,-27,2.37
1292,16104,-25,2.26
944,15324,-22,2.16
704,16796,-18,2.08
1048,16492,-15,2.01
1616,15848,-9,1.99
1212,16124,-5,1.98
1640,16444,2,2.02
1608,15012,12,2.10
932,16252,20,2.21
1988,16096,26,2.37
824,15460,34,2.54
928,15956,35,2.72
1820,15804,40,2.95
844,15804,44,3.17
1044,15840,44,3.39
1500,16584,42,3.61
352,16872,39,3.79
592,16080,32,3.94
1152,16748,26,4.06
656,17116,21,4.16
296,16432,13,4.20
1312,16452,7,4.24
-552,15672,0,4.20
2520,16568,-8,4.19
1256,16312,-8,4.15
568,14724,-15,4.06
352,17080,-21,3.94
1216,16660,-29,3.79
528,14804,-34,3.61
352,17084,-35,3.42
604,16084,-38,3.23
1784,15364,-36,3.07
872,18548,-32,2.91
828,13804,-32,2.75
448,15320,-31,2.59
860,17512,-29,2.45
1000,14796,-28,2.32
856,17284,-25,2.20
708,16064,-22,2.09
1148,15552,-19,2.01
2572,17704,-19,1.96
3732,18456,-36,1.84
1396,15840,-29,1.72
2380,15152,-32,1.61
2904,16280,-22,1.56
3740,16728,-15,1.55
3328,16660,-10,1.57
2060,16496,0,1.60
2784,16092,15,1.73
1276,15268,23,1.87
1884,16824,27,2.03
1144,15944,32,2.20
952,15368,35,2.39
1512,16412,40,2.60
476,16008,47,2.83
2344,16548,44,3.09
1164,16536,44,3.31
1568,16320,36,3.50
3092,16308,19,3.65
3176,16748,6,3.72
3904,17128,-10,3.73
3712,16440,-19,3.70
2784,15940,-25,3.61
2700,16844,-35,3.48
1176,16604,-43,3.27
1120,16472,-51,3.02
716,16492,-54,2.75
1796,16084,-52,2.51
324,15860,-46,2.27
596,16632,-41,2.07
-180,15892,-36,1.87
-3316,16308,-21,1.68
-160,16688,-13,1.60
-988,15440,-6,1.54
944,16992,0,1.55
820,16028,11,1.61
1052,15792,15,1.70
2384,16976,20,1.84
1892,16452,24,1.99
1956,15328,27,2.16
1692,16404,29,2.33
2092,16880,28,2.50
2132,16324,28,2.67
796,15912,25,2.80
920,16892,23,2.91
-208,15188,23,3.00
264,15568,24,3.11
552,17376,23,3.21
-224,16148,26,3.32
328,15508,30,3.45
488,16608,32,3.60
596,16016,34,3.76
724,15840,34,3.92
1584,16812,30,4.08
1084,16388,24,4.20
2696,16604,16,4.31
-844,18324,0,4.26
-1184,18244,-17,4.13
-484,16592,-33,3.92
-268,16940,-36,3.71
-308,15776,-41,3.48
-1056,16636,-45,3.21
176,16444,-43,2.98
-332,16084,-41,2.74
596,16240,-41,2.54
560,16632,-40,2.33
1188,16512,-42,2.14
2280,16124,-44,1.96
2840,17260,-41,1.80
1308,15932,-44,1.60
2992,15740,-47,1.43
2860,16792,-45,1.26
2832,16388,-50,1.07
3544,15600,-52,0.89
3000,18864,-53,0.68
2828,13240,-56,0.48
4036,16300,-50,0.32
0,14248,-51,0.06
2156,15896,-52,-0.15
4748,18472,-40,-0.25
4332,14484,-20,-0.24
2832,15452,-13,-0.23
3700,19808,-6,-0.19
2104,15760,-2,-0.15
3236,15468,-4,-0.09
2052,16568,-6,-0.07
2500,16808,-6,-0.05
2296,15784,-9,-0.04
1308,15948,-8,-0.04
1960,17772,-12,-0.06
2076,14468,-15,-0.08
652,17564,-19,-0.16
1648,14972,-22,-0.23
660,13160,-21,-0.31
1004,16224,-22,-0.40
1192,13796,-16,-0.44
-1432,20844,-14,-0.53
1104,15740,-14,-0.57
1448,14996,-5,-0.56
-1788,18948,5,-0.56
1480,17092,8,-0.49
28,16340,22,-0.38
1784,13816,29,-0.18
-872,16460,36,-0.02
1252,17460,35,0.18
3912,11660,43,0.52
6328,16860,59,0.94
-3388,16908,58,1.15
4032,17280,50,1.48
-856,17164,58,1.74
-476,11280,54,1.98
-1196,18844,60,2.24
-1604,20656,57,2.48
172,12908,62,2.77
-1624,13400,64,3.03
-420,12192,63,3.31
-864,19704,66,3.60
3016,19672,67,3.96
-1908,15292,76,4.27
2448,14480,63,4.62
860,14876,63,4.92
-1516,16564,49,5.10
-2532,17904,25,5.13
1996,19740,4,5.16
-4164,22396,-5,5.03
-2144,17152,-18,4.86
-3156,14496,-22,4.64
-4468,19564,-36,4.34
-1980,17680,-43,4.06
-2768,17216,-52,3.71
-1452,18312,-57,3.38
-1444,14104,-58,3.03
-560,16836,-62,2.69
1084,17052,-60,2.39
564,14792,-57,2.11
1408,18164,-54,1.86
928,14796,-51,1.61
796,15384,-49,1.38
992,17704,-47,1.16
504,15524,-43,0.95
-120,15252,-36,0.76
5180,16976,-19,0.77
-1800,14184,2,0.73
10312,18040,10,0.97
2228,16700,38,1.21
348,15640,27,1.34
3824,16620,24,1.54
16,15512,26,1.66
3360,16356,16,1.80
1636,16408,17,1.91
1308,15944,13,1.99
2948,16352,13,2.11
1968,17020,13,2.21
712,16240,6,2.24
1568,16376,-2,2.25
792,16728,-6,2.22
852,16236,-11,2.17
1884,16648,-11,2.15
996,16544,-13,2.09
584,15984,-16,2.01
624,16508,-20,1.91
628,16436,-22,1.81
292,16068,-24,1.68
116,16500,-25,1.55
1436,16268,-19,1.48
340,16132,-16,1.40
248,16672,-13,1.33
-184,16204,-12,1.26
364,15968,-11,1.20
596,16068,-7,1.17
568,16132,-5,1.15
956,16508,-2,1.16
480,16484,-1,1.16
1012,16272,1,1.18
1264,15980,8,1.24
1292,16788,12,1.32
1984,16604,19,1.45
548,16008,20,1.55
1156,16184,19,1.66
1040,16780,19,1.77
1336,15424,19,1.89
2096,16596,22,2.03
-280,15984,21,2.11
1420,16936,18,2.22
780,16364,17,2.31
632,15848,13,2.37
700,16864,11,2.43
624,16128,9,2.47
672,16036,8,2.51
308,16852,7,2.54
464,17048,4,2.55
1060,15916,2,2.57
312,15548,1,2.56
700,16608,-2,2.55
108,17452,-5,2.51
200,16876,-9,2.46
72,15988,-13,2.38
28,16312,-16,2.28
408,16480,-20,2.18
160,15944,-22,2.06
-224,16240,-25,1.91
604,16736,-28,1.78
-436,15748,-27,1.62
724,16196,-28,1.49
-184,16672,-24,1.35
140,16380,-25,1.22
468,16280,-20,1.13
2304,16200,-1,1.17
808,15728,16,1.26
752,16096,30,1.42
-676,15668,40,1.59
-308,16728,41,1.78
-308,16288,43,1.97
-236,15756,44,2.17
76,16380,47,2.39
580,16952,47,2.62
496,15812,48,2.86
196,15936,50,3.09
668,17140,50,3.33
420,15260,49,3.57
40,15992,43,3.76
-1388,17188,31,3.85
156,16672,13,3.90
-1596,16396,-1,3.83
-496,16804,-18,3.70
592,16632,-24,3.57
-660,16300,-27,3.40
708,16188,-30,3.25
68,16348,-29,3.08
-288,16316,-31,2.90
768,16312,-30,2.75
476,16324,-26,2.61
488,16068,-24,2.49
948,16252,-20,2.40
596,16476,-17,2.31
620,16060,-15,2.23
544,16232,-12,2.17
492,16376,-11,2.11
324,16220,-10,2.06
632,16364,-8,2.02
324,16020,-7,1.98
388,16256,-6,1.95
416,16276,-4,1.92
432,16092,-3,1.91
124,16232,-2,1.89
512,16448,-3,1.87
196,16312,-2,1.85
284,16292,-2,1.84
484,16288,-2,1.83
168,16476,-1,1.81
432,16368,0,1.81
320,16236,0,1.81
204,16372,0,1.80
384,16464,0,1.80
508,16116,1,1.80
252,16536,0,1.79
792,16300,-1,1.80
584,16316,-3,1.78
748,16820,-4,1.77
552,15928,-5,1.74
760,16320,-4,1.73
792,16400,-2,1.73
908,16432,-1,1.73
776,16292,1,1.74
532,16124,0,1.75
772,16308,0,1.75
560,16336,0,1.75
640,16120,0,1.76
2288,16460,5,1.82
724,16396,11,1.88
16,15888,9,1.91
1228,16444,10,1.98
204,16168,13,2.04
1132,16184,14,2.12
292,16080,15,2.19
536,16152,15,2.26
404,16384,16,2.33
300,16200,17,2.41
348,16248,17,2.48
568,16304,18,2.57
820,16676,19,2.67
944,16324,19,2.77
1004,16360,18,2.86
1084,16648,16,2.94
848,16724,14,3.01
-288,16416,10,3.04
444,16528,6,3.06
-944,16632,3,3.03
-1024,16672,1,2.99
24,16264,4,2.99
-196,16056,7,3.00
-404,16804,8,3.01
-240,16580,10,3.04
236,15740,12,3.08
512,16152,15,3.15
684,15056,18,3.24
1300,16652,19,3.34
588,15764,21,3.43
1064,15760,19,3.53
1504,16784,18,3.63
1140,16736,16,3.71
832,15996,12,3.77
1048,16984,8,3.81
1176,16688,3,3.82
560,16252,-1,3.80
1360,16524,-3,3.80
1440,15668,-5,3.78
1736,15580,-10,3.75
2108,16716,-14,3.70
1004,16712,-18,3.61
560,16376,-21,3.49
516,15852,-21,3.38
1312,16480,-21,3.28
300,15216,-21,3.16
972,17020,-22,3.06
2076,17096,-19,2.99
1340,14980,-16,2.92
1772,16080,-16,2.86
2352,16816,-16,2.82
1832,15548,-17,2.76
1768,15664,-16,2.70
1072,15992,-17,2.63
1904,16424,-15,2.58
944,16016,-13,2.52
1308,15648,-12,2.48
1436,16244,-11,2.44
1184,16100,-9,2.40
1760,16624,-5,2.40
404,16036,-1,2.39
420,16316,-1,2.38
180,16084,3,2.39
836,16656,8,2.43
424,16064,15,2.50
600,15748,22,2.60
972,16044,27,2.74
1244,15940,30,2.90
936,16660,30,3.05
1300,16704,26,3.19
776,16772,22,3.30
660,16416,18,3.38
560,16216,17,3.46
684,16452,18,3.54
780,16136,20,3.63
940,16252,22,3.74
1420,16184,23,3.86
1364,15992,23,3.98
1692,16632,20,4.10
1416,16464,17,4.19
1796,16444,13,4.26
1480,16380,7,4.30
1048,16656,1,4.30
772,15656,-9,4.25
-1620,18156,-22,4.08
-148,16608,-34,3.88
-868,15144,-43,3.62
2192,17576,-46,3.41
348,16360,-43,3.19
1032,15692,-46,2.96
1240,17192,-43,2.75
1056,15972,-41,2.56
1216,15636,-35,2.40
388,16224,-30,2.24
1128,16040,-28,2.11
564,16252,-23,2.00
464,16292,-20,1.90
1276,16184,-16,1.83
800,16280,-11,1.79
1196,15716,-7,1.77
1000,16104,-4,1.76
976,16296,2,1.78
2232,15308,8,1.86
1152,16044,21,1.98
2720,16060,32,2.19
416,15772,37,2.37
1348,16652,41,2.59
800,15864,40,2.79
2240,17008,35,3.00
1788,16616,33,3.18
1924,15840,27,3.34
2412,16700,21,3.48
2060,16140,17,3.59
2584,16256,11,3.68
2348,15984,7,3.74
1948,16596,2,3.77
1312,17380,-6,3.74
1416,17564,-14,3.68
-364,15016,-20,3.55
3200,16900,-27,3.46
1956,17148,-20,3.38
280,16216,-26,3.24
1060,17112,-29,3.10
144,15912,-33,2.91
1024,16668,-37,2.73
80,16032,-37,2.53
600,16344,-37,2.35
480,16364,-34,2.17
348,16056,-30,2.02
708,16212,-26,1.89
688,16532,-20,1.80
692,15908,-16,1.72
764,16336,-11,1.67
804,16260,-6,1.65
788,15916,-2,1.65
756,16384,2,1.67
644,16160,5,1.70
844,16384,8,1.74
644,16160,10,1.80
528,16452,12,1.86
808,16304,13,1.93
500,16232,15,2.00
660,16340,15,2.08
724,16360,17,2.16
568,16240,17,2.25
660,16468,17,2.33
708,16292,18,2.42
620,16404,18,2.51
700,16304,18,2.60
576,16148,19,2.69
484,16748,16,2.76
-220,16576,12,2.80
148,15992,6,2.81
1376,16492,5,2.85
536,16216,7,2.88
1348,16144,7,2.93
1236,15888,12,3.00
928,16168,15,3.07
1436,16348,18,3.18
860,15976,20,3.28
940,16676,19,3.37
704,16368,18,3.45
176,16160,15,3.51
1200,16224,14,3.58
924,16232,15,3.66
1128,16116,17,3.74
1084,16216,18,3.83
776,16464,18,3.91
948,16228,16,3.99
628,16544,13,4.04
748,16520,9,4.08
572,16828,4,4.08
948,16512,-2,4.07
404,16452,-7,4.02
668,16720,-15,3.93
-500,16412,-23,3.78
800,16404,-31,3.62
676,16724,-34,3.44
660,16552,-38,3.24
916,17028,-40,3.04
84,16052,-42,2.82
780,16296,-44,2.60
768,16364,-40,2.40
1276,15836,-38,2.23
1076,16616,-31,2.08
172,16092,-28,1.93
1444,16528,-25,1.83
948,17248,-19,1.74
580,16560,-16,1.67
1200,16720,-11,1.63
932,15616,-7,1.60
2248,15532,-7,1.61
4000,17352,-7,1.65
3808,15896,0,1.73
6976,15276,0,1.88
6664,15132,8,2.07
4640,17500,7,2.19
4700,15528,-5,2.26
4896,16148,-17,2.27
2888,18408,-31,2.16
3164,15652,-45,2.00
3524,16328,-51,1.81
2176,17012,-57,1.56
1804,15852,-59,1.30
1348,16412,-57,1.04
360,16088,-54,0.78
12,15620,-50,0.52
160,16756,-49,0.28
-72,15924,-43,0.06
748,16700,-32,-0.08
3448,17680,-6,-0.04
-1396,14368,8,-0.03
2316,16944,18,0.11
316,17864,37,0.30
-688,15772,40,0.48
668,16540,47,0.72
-92,15704,56,0.99
2288,16120,60,1.34
824,17432,70,1.70
-176,16304,71,2.03
796,16680,70,2.39
644,15880,73,2.75
-676,16200,70,3.06
1300,16476,70,3.42
-844,16156,68,3.71
-1468,16936,53,3.92
1732,15980,43,4.15
-1948,16380,29,4.22
-1616,18844,8,4.20
992,16496,-12,4.14
-2108,18488,-27,3.93
-2852,17460,-52,3.59
-612,17772,-71,3.20
1948,17284,-73,2.86
-348,15576,-73,2.47
900,16996,-73,2.11
212,16084,-67,1.76
440,15720,-64,1.45
488,16744,-60,1.15
40,15412,-54,0.87
1040,15664,-43,0.68
2948,16292,-32,0.58
-1564,14336,-21,0.43
692,15396,-19,0.35
56,15220,-10,0.30
228,15336,7,0.34
4872,17732,25,0.57
1356,15812,50,0.84
-1620,15172,58,1.09
996,17156,58,1.39
956,15992,66,1.73
308,16256,70,2.07
596,16244,71,2.43
476,15980,71,2.77
636,16436,70,3.12
344,16328,71,3.46
28,16316,68,3.77
496,17660,53,4.02
-732,15848,45,4.20
-2344,16536,26,4.25
-32,20640,11,4.28
88,14236,-2,4.24
-3416,19064,-24,4.03
960,18752,-48,3.78
-1928,15148,-53,3.44
2188,16788,-62,3.16
604,15052,-53,2.89
260,16176,-52,2.62
1616,16776,-49,2.40
-124,15448,-44,2.16
652,16816,-43,1.95
632,15840,-38,1.76
-164,15912,-35,1.57
620,16008,-32,1.42
-96,15956,-27,1.27
360,15972,-26,1.14
320,16360,-17,1.06
-96,15664,-12,0.99
2580,16576,2,1.05
1728,15148,25,1.21
1624,15720,39,1.43
416,16256,47,1.67
84,16592,51,1.91
-116,15964,50,2.15
88,16336,49,2.38
192,17092,50,2.61
844,15996,51,2.87
172,15588,52,3.11
984,16824,51,3.37
1112,16432,45,3.60
-2980,15948,40,3.70
-580,17580,17,3.75
1296,17736,16,3.83
-1636,14756,8,3.80
1344,17256,-1,3.80
756,16516,0,3.79
-184,15744,-4,3.74
1052,16912,-5,3.72
1144,16256,-2,3.71
284,16644,-4,3.67
520,16540,-6,3.63
160,16128,-10,3.56
1224,16488,-12,3.51
608,16228,-14,3.43
604,16500,-17,3.33
212,16824,-19,3.22
1196,16620,-19,3.13
804,16468,-17,3.05
660,16196,-18,2.95
28,16520,-19,2.84
1204,15896,-18,2.76
512,16032,-16,2.67
1360,16636,-11,2.63
716,16124,-6,2.60
956,16208,-3,2.59
1064,16012,1,2.61
36,16000,3,2.60
1000,16552,6,2.64
676,15904,9,2.68
1072,16152,12,2.75
892,16316,16,2.83
1704,15896,19,2.95
624,16392,23,3.06
268,16224,23,3.16
1500,16264,25,3.30
772,16100,29,3.44
1176,16148,31,3.60
1328,16160,35,3.78
1016,16016,35,3.95
-128,16288,29,4.06
-524,15840,17,4.11
-1224,16976,0,4.06
876,18092,-15,3.97
1784,16676,-15,3.91
120,15824,-14,3.82
1276,16972,-21,3.72
-376,17676,-26,3.56
164,15596,-34,3.37
1596,16548,-36,3.20
1008,15836,-32,3.05
748,15464,-30,2.90
1020,17392,-30,2.75
924,15976,-30,2.61
376,16084,-28,2.46
948,16772,-27,2.33
1340,15800,-22,2.24
292,16116,-19,2.13
1540,17120,-17,2.07
608,15372,-11,2.02
800,16660,-9,1.98
1080,15896,-3,1.97
1212,15608,5,2.01
2336,15776,19,2.15
2052,15480,31,2.34
496,16568,40,2.54
1088,16840,44,2.76
1048,15744,48,3.01
724,16044,51,3.26
1168,15352,52,3.52
896,16788,51,3.77
496,16288,48,4.00
1328,16036,41,4.21
-592,18704,30,4.32
-260,16748,13,4.35
92,16208,0,4.32
1256,17908,-8,4.28
652,15560,-15,4.19
820,16028,-21,4.08
-156,16556,-28,3.91
1996,17064,-34,3.76
1044,15500,-32,3.60
960,16760,-34,3.43
1760,16308,-36,3.27
724,16032,-37,3.08
900,16820,-39,2.89
1168,16444,-38,2.71
904,15900,-37,2.53
1404,15404,-35,2.37
1476,16524,-30,2.24
23008,16864,-109,2.04
-13384,3204,-72,1.16
6132,12624,-117,0.74
8424,26024,-78,0.47
8380,14048,-90,0.22
13184,14888,-60,0.20
4056,17948,-49,0.04
10804,21672,-30,0.06
2880,12832,-14,0.08
5108,15312,-17,0.11
3960,19480,-7,0.15
2244,16548,-2,0.19
2692,15612,3,0.27
2284,16576,7,0.36
2964,17068,15,0.49
480,15720,23,0.61
1112,16452,25,0.76
2056,16824,33,0.97
260,16288,40,1.16
-716,16724,41,1.34
456,15324,41,1.55
396,16544,42,1.76
140,16012,42,1.96
328,16876,43,2.17
332,16296,44,2.38
180,15144,43,2.58
568,16844,43,2.79
616,16924,43,3.00
348,15368,41,3.19
752,15924,41,3.39
340,16052,40,3.58
508,17460,35,3.74
-4236,18056,17,3.71
-20,17848,-9,3.64
-664,17184,-23,3.49
-104,17272,-39,3.27
-588,17812,-52,2.98
-212,16640,-59,2.66
968,15836,-64,2.35
152,16996,-61,2.03
-200,16048,-61,1.71
784,15916,-60,1.42
28,15908,-58,1.12
544,16248,-55,0.85
-236,16640,-53,0.58
-216,15832,-50,0.32
1324,17244,-45,0.13
-940,15652,-36,-0.08
2264,17432,-18,-0.12
384,15100,17,-0.02
4164,16872,33,0.23
384,15092,50,0.49
-428,16008,55,0.75
588,16196,60,1.06
1056,16340,66,1.40
-792,15428,73,1.74
60,17216,72,2.08
496,16088,76,2.46
-8,15904,77,2.82
1080,16828,76,3.21
92,16060,78,3.58
708,15924,76,3.95
1704,15848,69,4.30
-4292,19316,61,4.50
2000,16812,34,4.68
-1864,17776,21,4.71
544,17684,-18,4.60
2064,17040,-32,4.46
-2424,15580,-52,4.12
612,17172,-70,3.75
-384,15588,-73,3.36
-128,15744,-79,2.94
1932,16676,-78,2.58
-132,15636,-72,2.20
1160,16160,-72,1.85
724,16000,-65,1.54
44,15972,-62,1.22
920,16148,-57,0.95
108,16012,-51,0.69
728,16236,-47,0.47
1292,16912,-31,0.34
-508,16188,-16,0.25
8600,17456,11,0.47
-472,15596,48,0.70
40,14620,51,0.95
1804,16288,57,1.27
-104,16352,62,1.56
188,15744,64,1.88
1064,16192,69,2.23
616,15660,73,2.59
472,16580,75,2.96
544,15876,75,3.33
920,16616,76,3.70
496,16432,76,4.07
1128,17492,63,4.38
-1240,15180,62,4.63
-1836,17784,32,4.72
1516,17512,21,4.82
-9140,18088,-4,4.59
1460,18108,-43,4.38
-936,18856,-48,4.09
-64,17092,-61,3.76
1380,16340,-61,3.47
20,17120,-62,3.14
232,16832,-64,2.80
592,15956,-63,2.48
740,16592,-62,2.18
772,15848,-57,1.90
432,16200,-54,1.63
800,15816,-49,1.39
212,16504,-45,1.16
396,16728,-40,0.97
1352,16248,-29,0.85
2972,16932,-13,0.84
160,15396,15,0.92
4940,16740,24,1.14
2224,14792,52,1.45
-1452,16596,54,1.67
1412,16708,55,1.96
188,15948,59,2.25
588,17128,59,2.54
1156,15648,63,2.86
192,16068,64,3.17
976,16540,63,3.48
840,15940,65,3.80
1120,16088,62,4.11
132,18272,46,4.32
-1096,16884,31,4.42
-1096,16412,13,4.43
1792,17760,-4,4.42
-1452,16308,-8,4.31
-1084,16188,-27,4.13
2956,17052,-30,4.01
-372,16128,-32,3.82
1484,16276,-41,3.63
732,16672,-42,3.41
1032,16508,-42,3.20
600,15456,-40,3.00
44,16944,-40,2.78
488,16036,-40,2.57
1128,15928,-38,2.39
716,16592,-34,2.23
608,16288,-30,2.08
1076,15764,-26,1.96
684,16548,-20,1.86
904,16108,-16,1.79
996,16548,-10,1.75
228,16848,-6,1.72
1152,15600,-1,1.73
904,17156,7,1.77
1832,16412,18,1.89
1180,15200,30,2.06
1664,16604,40,2.28
1412,15904,48,2.54
-104,15632,50,2.77
1316,16868,51,3.03
412,15460,55,3.29
1024,16400,53,3.56
1292,16248,55,3.84
696,16184,52,4.09
12,16904,46,4.29
368,16436,40,4.47
1864,16596,25,4.61
2312,16436,21,4.73
-2276,15312,0,4.65
524,18420,-18,4.54
1584,16724,-25,4.42
1340,15832,-28,4.28
632,17000,-34,4.10
-48,16452,-44,3.85
588,15936,-51,3.59
904,16812,-53,3.32
1308,15600,-51,3.08
736,16044,-50,2.83
1112,15556,-49,2.59
716,15988,-47,2.36
1132,16464,-45,2.14
1128,15676,-41,1.95
552,17156,-37,1.77
804,15680,-34,1.61
1204,15884,-29,1.48
480,16572,-25,1.36
1248,16184,-22,1.27
80,15428,-17,1.18
1316,15400,-6,1.17
6716,16332,16,1.39
948,13688,48,1.65
2248,16704,56,1.97
2144,16132,71,2.36
496,15544,77,2.73
984,16108,78,3.13
780,15660,80,3.52
1048,15296,80,3.92
1516,16196,76,4.31
284,16968,68,4.62
3216,14432,49,4.92
7688,13996,13,5.14
5512,15880,-31,5.08
5608,15596,-67,4.85
3324,16032,-95,4.42
5480,15580,-120,3.92
5528,16028,-134,3.36
2148,15900,-152,2.63
5580,15920,-173,1.88
3540,14132,-178,1.08
5664,16580,-189,0.25
-280,14128,-172,-0.61
1716,14672,-159,-1.35
3096,13080,-129,-1.89
-32,14116,-78,-2.27
15200,19828,-94,-2.47
-12844,-10072,-78,-3.69
15252,19540,-38,-3.60
-6284,22536,29,-3.54
13112,18976,42,-3.08
276,12728,110,-2.50
-220,20820,129,-1.85
8680,17252,146,-0.94
-1260,9496,178,-0.10
-1140,20040,172,0.74
1608,14812,177,1.65
4,13756,182,2.54
772,18564,180,3.44
604,13028,183,4.34
1244,15872,180,5.24
3944,18700,172,6.13
-6176,16256,154,6.72
3652,18488,102,7.26
1236,18056,81,7.64
-1424,13384,21,7.65
-896,15532,-12,7.52
-4320,14184,-68,7.02
-808,18888,-110,6.41
-1440,18820,-148,5.61
-4012,12356,-181,4.55
-5136,17516,-222,3.31
1880,17492,-250,2.09
-2120,17420,-247,0.80
-1384,14344,-250,-0.48
1184,15232,-248,-1.68
-2252,13168,-236,-2.91
1560,20312,-211,-3.91
16636,18856,-166,-4.43
144,13544,-93,-4.86
6700,25100,-74,-5.10
148,11544,8,-5.02
372,16800,33,-4.81
6256,15928,92,-4.18
1340,18504,127,-3.50
2004,14692,160,-2.63
-2544,12180,186,-1.77
3184,16208,200,-0.69
1268,16424,217,0.42
-1044,14404,220,1.49
952,15284,218,2.58
528,15976,223,3.69
-140,16044,220,4.75
2216,15144,212,5.83
2240,14984,203,6.85
2912,13328,181,7.79
3328,10272,153,8.62
-7452,12196,137,9.03
-4092,9512,81,9.22
1444,23688,40,9.38
-808,16828,17,9.39
-6764,18928,-24,9.08
-3164,19484,-68,8.62
328,19580,-102,8.06
-4576,19704,-127,7.29
-256,17932,-163,6.43
-2916,23372,-192,5.38
-2968,16252,-221,4.18
-1224,17532,-250,2.89
-2960,18796,-250,1.57
-2092,12368,-250,0.25
2356,15764,-250,-0.94
-3632,13188,-250,-2.27
3896,14456,-250,-3.40
19548,28364,-202,-4.15
-7112,9652,-134,-5.03
10760,19428,-99,-5.30
276,18600,-26,-5.39
4848,11752,2,-5.19
308,13876,63,-4.84
332,18556,96,-4.32
940,13008,136,-3.59
3288,12232,169,-2.63
2472,16560,210,-1.51
-76,16964,230,-0.36
2440,14044,238,0.89
-72,14612,247,2.11
-452,18976,243,3.29
880,14132,244,4.50
1248,15284,243,5.71
1200,17728,233,6.86
132,15280,223,7.92
-1740,14152,189,8.76
-8880,16104,170,9.36
-680,17420,112,9.84
7196,24008,94,10.35
-3280,16836,76,10.59
-2572,13784,33,10.61
2148,20764,-2,10.57
-3840,24152,-27,10.31
-1280,14360,-66,9.88
-1284,18248,-101,9.28
-1548,21884,-135,8.53
324,12180,-171,7.63
-1440,18204,-208,6.52
-1476,19152,-242,5.24
-1968,13588,-250,3.91
-548,17292,-250,2.63
196,15968,-250,1.38
604,15280,-250,0.14
-1032,14880,-250,-1.13
-324,15884,-250,-2.37
696,20728,-243,-3.55
5292,18184,-201,-4.41
-1432,15596,-133,-5.08
3832,20740,-101,-5.48
4124,17524,-43,-5.57
2852,16836,0,-5.47
4036,19372,56,-5.08
2880,18912,96,-4.51
3676,18200,148,-3.67
964,11184,178,-2.73
5928,17364,225,-1.47
-1756,16156,249,-0.26
400,14008,249,0.99
1388,17136,249,2.25
-880,14916,249,3.45
1360,13312,249,4.70
1584,17640,249,5.94
212,15152,249,7.14
-940,14148,238,8.25
-2648,7972,199,9.06
-12292,15784,171,9.60
-5880,16100,116,9.98
-4852,16504,75,10.18
5252,20084,36,10.39
-5980,22544,9,10.27
-2216,20520,-50,9.91
-200,19788,-76,9.46
-6408,20292,-116,8.71
-2208,19196,-156,7.83
-2420,17020,-187,6.80
-2928,23420,-232,5.56
4500,16692,-247,4.39
-6132,11960,-250,2.94
6992,17840,-250,1.82
-1432,15768,-249,0.54
-640,13932,-250,-0.72
2644,15848,-248,-1.89
-4872,11960,-220,-3.11
7284,12792,-195,-3.87
12532,14476,-137,-4.25
3384,16424,-66,-4.47
5628,18592,-15,-4.41
5124,12152,39,-4.03
4720,16420,93,-3.44
-1188,12392,143,-2.74
3164,13444,178,-1.75
4136,17112,222,-0.55
1624,13228,249,0.74
568,16068,249,1.98
1240,14160,249,3.24
-432,15348,249,4.44
2212,15844,249,5.70
1600,15156,249,6.94
-2724,14168,233,7.98
8236,12476,182,9.05
-2508,13992,168,9.76
-3680,17188,92,10.07
-380,17216,62,10.31
-7516,19456,11,10.16
3188,20468,-40,9.95
-3996,19396,-72,9.45
1476,13284,-122,8.82
-2820,16324,-153,7.94
3580,18380,-207,6.93
1892,16908,-210,5.88
-2304,13852,-225,4.67
2900,16256,-236,3.53
1704,14456,-223,2.44
-1156,15552,-225,1.28
1668,16672,-225,0.19
-568,15628,-218,-0.91
664,17116,-216,-1.96
-3184,14996,-193,-2.98
2052,9104,-166,-3.70
12240,15480,-109,-3.97
4484,15276,-28,-3.97
4248,15348,18,-3.75
2052,12220,84,-3.25
5136,17528,124,-2.50
3412,14484,175,-1.53
5204,15676,215,-0.33
692,12752,249,0.93
-512,14748,249,2.14
1340,15320,249,3.40
1216,15532,249,4.64
988,14948,249,5.88
2920,13248,249,7.16
-8688,20024,231,8.10
6424,22828,159,8.94
10720,24140,134,9.71
-2376,21760,83,10.01
4512,16152,37,10.23
-4812,19660,-10,10.03
3576,23540,-73,9.65
-712,18776,-102,9.07
-500,12788,-147,8.26
-568,16616,-172,7.34
-900,18228,-197,6.30
-96,13944,-209,5.21
2288,13920,-212,4.19
1088,15060,-209,3.15
-288,16668,-209,2.08
1888,14356,-212,1.07
256,12288,-204,0.05
-572,16952,-204,-0.97
1884,16624,-198,-1.91
-4420,7484,-179,-2.98
5748,11788,-148,-3.53
2532,11508,-85,-3.85
4628,12168,-34,-3.85
2332,18860,35,-3.61
2264,13848,79,-3.13
1600,10876,126,-2.43
6548,14748,167,-1.42
3548,18984,217,-0.27
312,16012,249,0.98
4028,14624,249,2.31
1228,9260,249,3.58
1744,15996,249,4.84
108,18044,249,6.05
6596,12888,249,7.42
4008,16976,216,8.53
-4828,14976,168,9.19
-7008,23212,114,9.59
2472,23488,54,9.83
1328,16180,16,9.88
-4460,13232,-18,9.60
2808,24548,-78,9.19
2672,22716,-115,8.60
1716,15100,-148,7.86
-2404,17728,-169,6.91
-2724,16996,-192,5.85
3612,16876,-216,4.82
-24,20864,-214,3.73
2360,12356,-222,2.67
1884,13164,-218,1.62
-540,16488,-213,0.54
1968,16148,-211,-0.46
52,13664,-202,-1.46
356,16772,-198,-2.43
1076,19676,-161,-3.19
-3624,18832,-125,-3.86
3900,13340,-102,-4.24
1104,18508,-44,-4.40
1812,11564,-14,-4.39
4700,15572,18,-4.16
7940,15864,59,-3.66
-1028,14200,111,-3.11
5236,11640,132,-2.28
7156,18940,186,-1.20
1744,16108,219,-0.06
7052,9332,235,1.35
5720,16724,249,2.70
2780,14472,249,3.99
984,11860,249,5.23
2516,15812,249,6.50
4252,12796,249,7.81
1744,15728,217,8.88
6392,14288,179,9.87
-3864,12560,133,10.35
-1236,18800,80,10.65
-896,22708,29,10.71
4068,20412,-12,10.66
-7176,17628,-39,10.25
4692,20076,-100,9.77
2820,24960,-118,9.16
872,15816,-145,8.40
-1876,18212,-169,7.47
1036,17260,-196,6.47
4032,14964,-202,5.52
-7120,12592,-208,4.26
4236,14428,-230,3.20
1308,16308,-214,2.14
-1428,17444,-213,1.04
2108,11588,-208,0.07
-1400,17080,-198,-0.95
-260,19312,-193,-1.91
392,14920,-171,-2.73
2372,18888,-150,-3.41
3060,20808,-93,-3.80
-7512,16392,-49,-4.18
2164,17712,-16,-4.18
2716,17436,20,-4.00
8220,14576,40,-3.58
7676,20104,78,-3.03
3316,13972,106,-2.40
10040,18072,134,-1.52
5952,12288,154,-0.58
7160,21056,177,0.43
3856,19264,187,1.43
5112,11188,200,2.58
400,12012,203,3.58
7792,18716,195,4.68
3464,12276,206,5.77
3136,15300,192,6.76
6856,14620,181,7.78
10448,21892,133,8.56
1448,12240,127,9.18
-3160,6964,59,9.25
5840,20884,27,9.43
-2544,18744,-5,9.29
-1216,15672,-49,8.96
-32,21592,-85,8.47
-972,21852,-104,7.88
-2060,16212,-137,7.10
-2292,17216,-161,6.21
-6420,17320,-192,5.08
3156,18312,-213,4.05
-2180,13272,-222,2.86
2884,16260,-243,1.70
-152,15704,-241,0.49
-392,12800,-250,-0.77
3232,14772,-250,-1.92
-216,16168,-250,-3.16
5064,20000,-237,-4.22
20400,12484,-188,-4.74
-5164,11536,-140,-5.56
12308,31408,-140,-6.08
-4340,14392,-66,-6.48
700,18040,-50,-6.67
6244,18568,-8,-6.54
3256,14640,31,-6.26
528,19460,71,-5.86
2716,17432,97,-5.28
9612,12380,123,-4.38
4944,14588,165,-3.41
-544,20812,183,-2.49
5768,16584,204,-1.33
-160,10948,220,-0.24
6672,22320,207,0.90
3888,14556,225,2.11
92,12568,220,3.19
5008,14948,213,4.35
1388,18392,210,5.40
5420,10604,190,6.48
1480,21320,166,7.29
5348,13200,139,8.08
-13316,15928,87,8.19
-3336,22460,26,8.21
-5576,24772,-20,7.98
-1080,20560,-68,7.57
-4484,16112,-96,6.94
-9092,19644,-137,6.05
28,18080,-174,5.14
-1144,23920,-199,4.10
-1580,16264,-221,2.94
-3748,15252,-246,1.61
-2620,18272,-250,0.30
1340,13232,-250,-0.90
648,12192,-250,-2.12
-1660,16928,-250,-3.38
1228,17120,-239,-4.52
14660,18356,-219,-5.32
-5600,22632,-127,-6.01
5088,20176,-128,-6.51
4284,11032,-67,-6.66
-3600,16248,-42,-6.91
7928,22784,-4,-6.76
-3424,10104,39,-6.64
7632,17960,71,-6.10
12,20120,123,-5.44
-2544,18952,149,-4.72
4632,18036,174,-3.73
-20,6624,206,-2.68
-872,18660,211,-1.63
820,21516,213,-0.55
220,12112,224,0.57
-1164,13500,221,1.63
1040,17104,227,2.77
-88,15188,225,3.87
1184,18616,226,4.99
-332,13016,226,6.07
3884,18376,209,7.15
-4864,20408,183,7.92
6496,19080,119,8.58
856,23572,81,8.94
-2084,18492,27,8.98
-2520,19216,-27,8.73
-2772,20896,-84,8.21
-856,20328,-137,7.46
-5588,18996,-179,6.41
-1648,20364,-237,5.16
1488,18752,-250,3.92
-1648,14692,-250,2.61
708,12712,-250,1.37
528,13508,-250,0.13
-532,14880,-250,-1.12
-688,14340,-250,-2.38
-1280,17092,-244,-3.60
14136,19260,-192,-4.29
-6796,16780,-110,-4.95
6600,21108,-84,-5.22
-784,12968,-17,-5.30
6372,16092,14,-5.05
1672,17396,83,-4.57
2284,20588,118,-3.91
2704,15768,156,-3.05
-176,13208,180,-2.14
-2072,16844,184,-1.25
740,15892,198,-0.25
44,13984,202,0.76
280,15624,212,1.82
-1212,13708,208,2.80
1748,15832,208,3.86
152,16628,211,4.89
244,13908,206,5.88
1048,16364,204,6.88
-2244,17900,175,7.66
6424,7784,152,8.62
-9888,11764,115,8.87
-612,15708,42,9.01
-9544,18244,2,8.78
-3140,16856,-64,8.33
-2276,22544,-105,7.72
-6204,17988,-154,6.78
-2644,15488,-206,5.64
-5452,17560,-237,4.32
-1548,15904,-250,3.01
212,15440,-250,1.75
-792,15204,-250,0.48
528,15092,-250,-0.75
-1772,15292,-250,-2.03
-3400,13964,-248,-3.34
18860,21284,-194,-4.01
-12224,14020,-113,-4.81
8504,20220,-95,-5.10
4212,16560,-23,-5.09
3832,17024,14,-4.90
3280,18956,78,-4.42
-4672,13080,117,-3.94
4420,18864,151,-3.08
380,15800,186,-2.12
-2156,13380,199,-1.18
1260,17460,206,-0.12
732,13964,218,0.98
176,19536,224,2.09
-340,11224,225,3.18
504,16972,221,4.27
1600,13256,223,5.40
-96,16992,221,6.46
1272,18108,198,7.42
-972,18100,176,8.23
1356,20592,118,8.78
4492,19376,81,9.22
-2532,13068,42,9.29
-144,20108,-6,9.20
-1312,14372,-33,8.94
-1832,16552,-80,8.44
-4324,23596,-113,7.75
1656,15636,-165,6.92
-6040,18748,-193,5.80
2572,15272,-245,4.61
-1220,19960,-250,3.31
-5304,11768,-250,1.89
3160,14520,-250,0.72
-92,16872,-250,-0.53
-1068,13392,-250,-1.80
1324,17388,-242,-2.96
-5812,10212,-193,-4.10
1808,12240,-159,-4.80
7224,18300,-92,-5.09
2080,14676,-52,-5.26
3312,16636,11,-5.09
912,16524,50,-4.79
8088,18452,101,-4.10
584,15296,141,-3.36
7000,20088,175,-2.34
-1040,14288,206,-1.33
1132,15972,221,-0.20
812,16392,237,1.00
-452,15780,240,2.17
-288,14284,239,3.34
336,15108,238,4.51
400,16720,237,5.66
632,13164,229,6.78
-960,21160,219,7.81
4180,13776,193,8.83
4416,14452,164,9.70
4404,16996,148,10.46
-6488,12272,107,10.74
4960,16520,69,11.12
-2228,21224,45,11.23
-552,17968,10,11.20
-884,13196,-24,10.98
-2808,18916,-64,10.53
-2852,18084,-95,9.93
1028,15884,-135,9.22
-4856,20032,-164,8.26
-3704,16856,-211,7.07
-764,17648,-247,5.78
-1780,14984,-250,4.46
-1428,14652,-250,3.15
2660,17112,-250,1.94
-3144,14204,-250,0.61
-472,12052,-250,-0.65
-1128,19472,-250,-1.91
-6060,12704,-244,-3.28
1896,16308,-201,-4.21
-300,13640,-139,-4.88
-372,14344,-86,-5.29
3620,18456,-30,-5.33
4524,18088,24,-5.08
840,16008,70,-4.68
4004,19008,118,-3.99
6144,16608,159,-3.04
3512,13308,201,-1.92
-72,17380,237,-0.73
676,15860,245,0.51
1932,11116,249,1.81
-1628,17772,249,3.00
752,13276,249,4.23
1396,12332,249,5.49
972,18460,249,6.71
2212,15632,235,7.88
-5484,19564,217,8.80
4336,24884,146,9.54
5548,23824,113,10.12
-3380,21504,80,10.39
2204,20244,39,10.56
-2068,16540,4,10.46
-6848,20224,-43,10.06
-1884,21400,-90,9.51
-2980,20684,-124,8.78
-4064,19492,-165,7.82
-2496,20900,-197,6.75
-2164,16088,-235,5.48
1820,18036,-250,4.24
588,15560,-250,2.99
76,15728,-250,1.73
672,14664,-250,0.49
-604,14928,-246,-0.75
-988,13796,-242,-1.97
-1884,16620,-221,-3.10
1172,12696,-170,-3.89
-9940,10832,-122,-4.75
7224,16400,-61,-4.86
2512,18792,5,-4.76
4200,15096,52,-4.36
2068,15204,110,-3.74
3944,16292,154,-2.86
4560,16332,195,-1.77
3516,13884,231,-0.52
-296,15400,249,0.72
1372,15628,249,1.98
-128,13176,249,3.20
616,17264,249,4.43
1472,14912,249,5.68
8,15672,249,6.88
-2036,15812,240,7.97
-2368,15600,208,8.90
-14320,15200,163,9.36
804,23424,93,9.78
-6972,25732,60,9.91
-2684,19404,5,9.82
-6388,19836,-30,9.49
-1840,18516,-76,9.01
-2156,21444,-119,8.32
4,19988,-150,7.52
-1924,21048,-188,6.50
-3772,17360,-211,5.33
2004,15660,-225,4.23
1844,14400,-219,3.16
844,13336,-216,2.09
252,15412,-212,1.03
140,15316,-209,-0.01
1404,15128,-206,-1.00
-404,16708,-199,-1.99
808,20676,-159,-2.75
1944,16408,-111,-3.24
-2652,13464,-43,-3.51
516,17340,20,-3.38
5252,17592,70,-2.90
3192,13612,130,-2.14
6540,19448,170,-1.16
4036,14672,220,0.04
1720,14392,243,1.29
696,13812,249,2.54
688,14952,249,3.78
400,16380,249,5.00
2468,14584,249,6.26
1416,15064,249,7.50
-4716,20308,218,8.44
-2012,19592,150,9.09
5404,25412,98,9.60
-4640,23972,59,9.76
-3520,19804,0,9.63
-2292,20172,-44,9.30
-1540,23028,-99,8.72
1072,19676,-130,8.04
-3644,18284,-166,7.09
2276,18584,-193,6.13
692,17028,-197,5.12
2272,14492,-202,4.15
2264,14980,-199,3.19
-136,15844,-195,2.19
1332,18312,-199,1.22
1132,11508,-189,0.31
-748,16984,-187,-0.64
1044,16628,-181,-1.51
-3984,10128,-169,-2.48
5504,12112,-135,-2.97
10176,15388,-79,-3.13
5300,12788,-19,-3.05
7652,18952,35,-2.71
-2320,11300,92,-2.31
2008,10544,131,-1.58
7560,15896,184,-0.48
4388,14836,225,0.75
2532,18200,249,2.03
2408,15500,249,3.31
4084,11928,249,4.65
3008,16944,244,5.90
4632,18624,228,7.08
6456,17844,200,8.16
-2588,12940,176,8.91
-5512,19652,88,9.18
9888,32580,31,9.39
-1204,17224,7,9.33
-1240,9556,-57,8.94
608,25040,-105,8.37
1284,20888,-138,7.65
560,13552,-171,6.77
1220,15068,-195,5.78
-2000,16604,-204,4.69
120,15136,-224,3.55
2104,16452,-225,2.45
520,14048,-223,1.34
1452,15064,-222,0.27
-24,17204,-213,-0.79
84,13980,-212,-1.84
-2092,19608,-190,-2.81
4572,16744,-181,-3.59
12728,15548,-125,-3.93
584,22492,-69,-4.23
4908,21200,-19,-4.21
-4844,9164,34,-4.20
10192,18448,63,-3.67
-956,14424,128,-3.03
4116,19552,165,-2.12
3212,18260,212,-0.98
6800,11468,242,0.43
1772,13616,249,1.71
2144,18904,249,2.98
1424,14024,249,4.23
2548,15492,249,5.51
1124,13956,249,6.74
3256,12252,248,8.02
-884,20820,204,8.97
-2976,13836,174,9.69
-4272,10768,115,10.06
-5332,22424,69,10.24
-3688,20376,15,10.18
1056,18216,-29,9.99
-4480,19240,-68,9.50
624,19956,-115,8.88
3176,13020,-148,8.18
-2728,16268,-177,7.18
-1900,19600,-208,6.06
-648,13056,-226,4.88
2280,19040,-233,3.74
692,16812,-229,2.59
1176,9956,-228,1.49
1268,18900,-221,0.40
-132,13552,-219,-0.69
1664,16496,-214,-1.71
-640,15432,-204,-2.73
5560,23504,-170,-3.47
-6796,17956,-124,-4.20
-1256,17692,-91,-4.65
-1136,15204,-44,-4.86
4392,17880,-3,-4.75
3280,16240,41,-4.44
2080,18272,87,-3.94
4812,15652,115,-3.23
3444,17032,167,-2.30
2416,16252,196,-1.26
1948,9236,232,-0.02
9548,22412,249,1.37
-1356,7296,249,2.53
1332,14604,249,3.78
1036,17528,249,5.02
2044,14984,249,6.27
3840,11964,249,7.58
2208,14388,249,8.83
-4520,13716,215,9.72
-2872,11900,162,10.37
-5728,24012,105,10.73
5964,17404,57,11.07
-5612,15740,26,11.00
-736,22800,-36,10.73
-1908,23256,-63,10.32
188,13128,-100,9.76
-228,24100,-130,9.05
124,18776,-153,8.23
1732,17088,-181,7.31
-88,18452,-194,6.30
-1300,13284,-217,5.14
4152,17184,-225,4.08
1128,19188,-216,3.00
792,13816,-217,1.93
2172,13328,-211,0.93
552,15948,-207,-0.09
596,12628,-205,-1.09
296,15936,-198,-2.06
1016,18316,-176,-2.90
4088,11088,-163,-3.56
13696,15284,-98,-3.75
-1904,16808,-44,-3.98
5340,20932,-13,-3.93
4680,14084,37,-3.60
5584,13500,81,-3.02
3920,19336,132,-2.27
-120,14752,171,-1.41
5080,13488,206,-0.24
2864,14356,243,1.04
2596,11272,249,2.36
3128,13608,249,3.67
2544,13008,249,4.95
-20,13224,249,6.15
140,17048,249,7.35
6028,22620,248,8.64
264,18044,217,9.66
3980,19096,163,10.49
-2980,22552,128,11.00
-1132,19144,77,11.29
-408,18204,47,11.44
-2276,21816,4,11.35
-1352,23880,-26,11.12
-2964,16056,-60,10.68
-2600,21440,-93,10.10
2256,28156,-122,9.46
1212,10992,-136,8.76
944,18552,-156,7.95
2564,16248,-171,7.11
-48,15136,-177,6.18
-452,17164,-195,5.16
4820,18496,-201,4.22
-1120,11200,-193,3.20
3392,16684,-196,2.28
1860,14444,-186,1.39
1200,12332,-185,0.50
1720,15252,-183,-0.37
984,15272,-173,-1.20
2180,17700,-161,-1.95
1860,15796,-141,-2.59
5672,6984,-119,-2.91
13096,21920,-68,-3.02
4540,14308,-13,-2.95
4244,14832,25,-2.70
6004,20376,74,-2.21
1904,15400,124,-1.53
5948,12468,162,-0.55
9728,16516,206,0.68
2812,13660,241,1.95
4248,15768,249,3.27
1308,16792,249,4.52
2024,12780,249,5.78
972,19000,249,7.00
11588,21548,211,8.19
-7232,12352,213,8.99
-1620,15192,114,9.46
8588,24252,89,9.97
-6328,11568,65,10.04
1980,16688,14,10.08
3472,25540,-20,9.97
-1240,15520,-34,9.70
-3336,13632,-71,9.20
3104,17268,-90,8.76
-2952,19644,-104,8.13
1284,18680,-120,7.50
-840,15996,-128,6.80
-2464,18628,-140,6.01
448,13140,-150,5.24
-524,20756,-153,4.43
2620,15636,-152,3.71
-988,14508,-146,2.93
3860,23276,-142,2.27
240,13732,-137,1.58
1812,15236,-141,0.92
2648,21608,-140,0.26
1928,17212,-135,-0.37
1684,19180,-128,-0.97
4580,16868,-117,-1.44
3848,11696,-105,-1.83
1784,13772,-73,-2.14
16032,18268,-55,-2.12
7944,11728,6,-1.85
5044,15408,36,-1.54
10488,17388,62,-1.02
7332,13784,93,-0.37
9196,15672,108,0.37
6712,14932,126,1.16
2420,15652,121,1.81
2956,15628,111,2.42
2984,17132,96,2.94
3804,15852,83,3.43
2264,16324,72,3.81
616,16752,53,4.06
44,16316,40,4.24
136,17744,36,4.39
2608,14464,32,4.59
-4084,20596,5,4.51
6672,19120,-24,4.49
-2716,19420,-34,4.24
-676,16928,-67,3.86
1036,16652,-74,3.49
964,17644,-78,3.10
1244,16080,-79,2.72
104,16440,-81,2.30
428,15692,-85,1.87
156,15796,-86,1.44
1780,18396,-85,1.04
888,15260,-77,0.67
696,16932,-73,0.32
2776,17336,-60,0.08
568,14008,-48,-0.14
2260,18356,-34,-0.26
872,15148,-20,-0.34
688,14820,-8,-0.36
3472,15812,13,-0.21
992,16120,44,0.03
-356,14544,58,0.31
3764,16192,79,0.79
1016,16556,94,1.27
744,15276,98,1.77
1516,16120,100,2.29
1140,16904,102,2.81
1100,16124,97,3.30
-1024,17640,85,3.68
2288,17288,69,4.04
-5312,17048,50,4.15
248,18092,18,4.22
800,16148,13,4.27
-1344,15472,0,4.21
1976,17624,-17,4.14
944,16508,-25,4.01
-828,18084,-41,3.77
1436,15520,-48,3.54
1080,15712,-52,3.28
872,17136,-58,2.99
68,14716,-63,2.66
1252,15732,-68,2.33
700,15248,-67,2.00
1692,15920,-66,1.70
932,15740,-58,1.43
996,14980,-54,1.17
1752,15820,-47,0.97
-1080,15376,-43,0.73
1620,14708,-40,0.56
484,16684,-31,0.42
1020,15476,-24,0.32
1556,15764,-13,0.29
1880,19040,6,0.36
2320,15456,19,0.51
3800,16724,43,0.80
-648,16304,59,1.07
3440,15412,67,1.48
1056,16324,80,1.89
132,16336,82,2.29
2396,14800,82,2.74
1500,17248,81,3.16
668,16164,69,3.50
3476,16716,59,3.85
4356,15852,46,4.15
6508,16696,25,4.39
5824,18328,-7,4.44
52,16944,-44,4.19
5228,18208,-70,3.92
2936,12684,-83,3.57
3920,16080,-99,3.15
188,16684,-114,2.56
2772,16744,-121,2.01
1104,15912,-120,1.43
1672,13912,-122,0.86
1376,17320,-120,0.28
336,15700,-120,-0.31
1104,16488,-116,-0.86
96,16516,-108,-1.38
252,17484,-102,-1.88
80,16168,-93,-2.32
3092,12904,-84,-2.64
3080,17396,-51,-2.81
2652,13284,-46,-2.94
6532,17704,-26,-2.92
2756,21144,-19,-2.94
9708,15416,-13,-2.78
5232,13832,9,-2.58
6236,18120,12,-2.37
2888,13832,23,-2.17
7580,17392,25,-1.87
6460,16432,39,-1.53
7792,15156,46,-1.11
3360,12572,54,-0.73
4460,23892,58,-0.37
3668,15196,65,0.04
1732,10924,72,0.46
1736,22620,71,0.84
1884,17900,75,1.25
-1216,12728,79,1.59
64,22008,75,1.96
-428,16256,79,2.33
-1248,17296,75,2.66
-284,19628,71,2.99
-1112,17888,64,3.26
-3016,12776,56,3.43
-1596,22224,35,3.55
-8060,13912,19,3.43
-5160,19224,-3,3.29
-5124,17420,-6,3.13
-5484,16172,-17,2.90
-2948,13796,-24,2.68
-1552,18376,-33,2.47
-3188,17524,-40,2.19
-3056,16564,-44,1.89
-3396,15004,-48,1.55
-964,17488,-46,1.29
-716,16340,-49,1.02
648,15652,-50,0.78
940,18272,-46,0.57
-1280,14444,-46,0.30
-620,14508,-46,0.06
-508,16640,-41,-0.16
1584,12908,-36,-0.29
4292,20280,-23,-0.32
2100,17108,-16,-0.36
3080,15136,-16,-0.36
3212,18880,-14,-0.36
2248,17232,-8,-0.35
408,13900,-4,-0.35
2896,16652,-5,-0.31
3364,14708,1,-0.22
-1032,18688,4,-0.22
4064,19292,1,-0.13
316,16356,13,-0.06
1568,18504,3,-0.01
1164,17072,11,0.07
64,16032,11,0.12
-80,15408,9,0.16
1908,19056,5,0.23
984,17528,8,0.28
236,8336,10,0.34
-1264,19640,8,0.36
6324,22016,-2,0.45
-436,7772,17,0.51
532,17456,13,0.58
1708,15148,16,0.70
-32,17888,11,0.75
2820,16568,10,0.86
-1700,18752,20,0.92
2132,8768,15,1.08
-1464,12684,29,1.17
-188,14896,14,1.23
2560,16808,18,1.37
-980,19732,21,1.44
1772,14244,18,1.57
-876,16812,23,1.65
1604,19388,19,1.77
-876,16112,27,1.87
2464,16864,23,2.03
-1248,15852,35,2.16
340,15932,24,2.27
4012,21632,23,2.44
940,16848,29,2.59
-1312,10928,31,2.68
936,18592,25,2.81
2604,15640,26,2.98
-636,14044,30,3.09
1876,19636,22,3.22
1364,16388,21,3.33
-1568,10896,15,3.33
764,22720,-1,3.31
-48,22196,-3,3.28
-2592,11308,-8,3.13
348,17656,-21,3.01
-1528,18668,-28,2.82
-720,14044,-38,2.60
-512,18344,-40,2.37
-564,15868,-41,2.14
-728,14936,-41,1.90
668,17712,-41,1.70
-420,16216,-41,1.47
568,15660,-42,1.27
12,16636,-41,1.06
-212,16340,-43,0.83
544,15576,-45,0.62
-28,16052,-46,0.38
-16,15668,-49,0.14
3248,17232,-34,0.04
-700,13672,-12,-0.04
6424,14192,-5,0.09
4352,16484,25,0.32
1016,13996,30,0.49
4408,15324,31,0.75
1216,18264,38,0.96
1900,14692,33,1.16
2948,17284,35,1.39
748,15144,37,1.59
1216,14924,35,1.78
1124,17636,35,1.97
-228,17024,33,2.11
-84,15896,29,2.24
76,15752,30,2.38
-760,15068,29,2.48
48,15776,29,2.61
-608,16024,29,2.73
288,17344,27,2.85
320,15488,28,2.98
-372,17208,26,3.08
460,17828,23,3.18
-396,16100,23,3.27
-704,17336,14,3.30
-216,17424,14,3.34
-2100,16444,6,3.30
-612,17320,-1,3.26
-3620,17108,-10,3.11
-2000,16904,-16,2.97
-1424,16244,-16,2.83
-1552,16040,-13,2.71
-1836,16828,-15,2.58
-1128,17108,-16,2.46
-840,15684,-14,2.35
-448,15800,-14,2.26
520,17896,-14,2.18
144,15992,-14,2.10
0,15820,-15,2.02
1024,16672,-11,1.97
-24,16268,-6,1.93
960,16416,-2,1.93
292,16172,1,1.93
408,16180,2,1.93
324,16080,-1,1.92
-956,16276,3,1.90
4,16708,3,1.90
384,16132,4,1.92
328,16188,2,1.93
204,16628,1,1.92
644,16152,4,1.95
436,15296,15,2.02
1332,15844,16,2.12
1844,16524,19,2.24
1552,15920,20,2.36
1588,16148,14,2.45
692,16624,13,2.51
1072,16052,10,2.57
152,16488,9,2.60
216,16152,7,2.63
156,16264,6,2.64
-48,16468,3,2.64
-4,16532,0,2.62
-48,16848,-3,2.59
372,16244,-6,2.55
284,16396,-6,2.51
380,15964,-7,2.47
260,16336,-7,2.42
624,16568,-6,2.39
632,15992,-6,2.36
708,16340,-6,2.33
832,16136,-5,2.31
888,16352,-6,2.29
1084,16524,-5,2.27
1528,16036,-5,2.27
1788,16400,-5,2.27
1056,16188,-6,2.25
1252,16120,-6,2.23
1044,16244,-7,2.21
912,16328,-6,2.18
828,16288,-5,2.16
680,16084,-5,2.14
804,16344,-3,2.13
736,16572,-1,2.13
540,15820,1,2.13
948,16580,4,2.16
348,16384,7,2.19
672,16060,9,2.23
720,16592,12,2.30
708,16340,13,2.36
712,16332,15,2.44
496,16624,16,2.51
524,15928,17,2.59
680,16300,17,2.67
684,16640,17,2.76
560,15768,17,2.84
164,16260,16,2.90
984,16684,13,2.97
320,16388,10,3.01
320,16264,7,3.03
544,16616,5,3.05
804,16084,4,3.06
916,16716,3,3.08
584,16232,3,3.09
716,16256,1,3.09
720,16508,2,3.10
832,16128,3,3.11
1080,16280,4,3.13
952,16316,7,3.17
972,16336,8,3.21
740,16160,10,3.26
912,16248,10,3.31
884,16260,11,3.36
904,16212,12,3.42
1024,16336,13,3.48
820,16272,13,3.54
1008,15992,14,3.61
984,16396,15,3.69
1044,16156,16,3.77
948,16392,18,3.85
1128,16320,18,3.94
868,16248,19,4.03
1268,16216,19,4.13
700,16364,20,4.22
1344,16464,20,4.32
1024,16244,20,4.41
1424,16212,19,4.51
-224,16480,14,4.55
432,17836,-1,4.52
-832,18320,-17,4.39
-464,16208,-33,4.19
1388,15116,-40,4.00
1468,16152,-40,3.80
1492,16444,-36,3.63
1364,16116,-35,3.47
896,16844,-34,3.30
256,16060,-38,3.09
1488,16880,-38,2.92
544,15876,-35,2.74
1500,15884,-34,2.59
1324,16124,-28,2.46
1036,16468,-24,2.35
1288,15816,-20,2.26
900,16100,-16,2.19
1144,16544,-13,2.14
1348,15884,-8,2.12
984,16164,-4,2.11
1428,16360,1,2.13
1520,15308,11,2.21
2576,15732,22,2.36
1108,16000,32,2.53
1124,16572,36,2.72
1352,15928,40,2.93
1188,15792,43,3.16
984,16724,44,3.38
956,16352,44,3.59
768,16088,44,3.81
1008,16408,44,4.02
1596,16316,42,4.24
1080,16488,30,4.39
588,17792,21,4.48
-8,15764,8,4.49
1700,17132,0,4.49
692,16596,-5,4.46
-8,16568,-15,4.35
1212,17316,-22,4.24
968,15304,-24,4.12
816,16400,-29,3.96
-248,16872,-37,3.75
-232,15540,-45,3.49
1780,15492,-42,3.31
-56,17780,-33,3.12
320,14856,-33,2.94
220,15172,-32,2.77
1796,17024,-31,2.64
512,16152,-24,2.51
976,15988,-19,2.42
1476,15704,-12,2.38
1296,15852,-7,2.37
1516,16284,-4,2.36
2148,15792,-1,2.40
1812,15624,3,2.44
1592,16524,4,2.48
1892,15940,4,2.53
2216,16336,4,2.58
1948,16184,4,2.63
2636,15644,3,2.69
2224,16744,3,2.74
2132,15996,0,2.77
2420,15572,0,2.81
2992,16704,0,2.86
3300,16224,3,2.93
2664,16080,3,2.99
3032,16444,3,3.05
2696,16008,4,3.11
2380,16032,1,3.15
2496,16316,-1,3.19
1420,16268,-4,3.18
2288,16208,-6,3.18
2128,16204,-6,3.18
1956,16132,-6,3.17
1704,16452,-11,3.14
-32,16520,-15,3.04
952,16460,-23,2.93
1528,16508,-20,2.84
1336,15624,-19,2.76
1924,16384,-19,2.69
1172,16300,-19,2.61
1468,15988,-18,2.54
1612,16344,-14,2.49
1088,16144,-11,2.44
168,16264,-10,2.38
1268,16300,-9,2.35
776,15812,-4,2.33
1156,16124,-1,2.34
924,16496,2,2.36
288,15912,4,2.37
1420,16148,6,2.41
1264,16156,12,2.49
848,16324,14,2.56
1292,16248,17,2.66
932,16096,19,2.76
984,16556,20,2.86
216,16348,19,2.94
380,16452,15,3.00
1116,16464,14,3.08
904,16064,14,3.15
1272,16264,15,3.23
632,16240,16,3.31
1032,16528,16,3.39
1052,16220,16,3.47
884,16032,16,3.55
688,16556,14,3.61
952,16356,12,3.67
856,16336,10,3.71
956,16772,9,3.75
612,16944,3,3.76
624,16436,-4,3.73
1308,16352,-9,3.69
132,16492,-15,3.59
-48,16524,-23,3.45
784,16280,-27,3.31
824,15864,-28,3.17
1288,16612,-27,3.05
316,16012,-26,2.91
728,16720,-29,2.76
444,16580,-29,2.61
1744,15988,-27,2.50
1060,16220,-20,2.40
716,16372,-18,2.32
1188,16408,-14,2.26
420,16016,-12,2.19
1352,16244,-10,2.16
1212,16356,-6,2.15
376,16224,-4,2.12
1828,16192,0,2.15
388,15996,7,2.18
1368,15892,10,2.25
1336,16100,17,2.35
772,15712,22,2.46
708,16084,23,2.57
1808,16092,28,2.74
536,16164,31,2.89
1220,16292,31,3.05
464,16172,30,3.19
624,16400,29,3.33
1068,16324,29,3.47
872,16300,29,3.62
692,16364,27,3.74
660,17020,22,3.84
-724,16216,13,3.86
1512,16896,4,3.89
364,16640,0,3.87
920,16640,-7,3.83
100,15660,-15,3.74
356,16628,-23,3.61
1072,16252,-27,3.47
-4,16108,-32,3.29
1972,16804,-33,3.15
540,16912,-31,2.99
276,15652,-32,2.81
1268,15920,-33,2.66
660,16204,-31,2.51
1216,16116,-29,2.37
708,16472,-26,2.25
1156,15920,-22,2.15
940,16208,-19,2.06
628,15992,-15,1.99
1232,15704,-12,1.95
1128,16264,-4,1.94
1380,16016,2,1.97
1632,16272,10,2.04
1008,15876,17,2.14
804,15980,19,2.24
364,16416,22,2.34
2032,16244,24,2.49
1556,15680,34,2.68
784,16244,37,2.87
1340,16388,39,3.07
-120,16276,35,3.22
616,16988,31,3.37
1028,16216,28,3.51
1284,16192,28,3.65
900,16500,26,3.78
208,16396,22,3.87
560,16952,13,3.92
720,16140,7,3.95
224,17024,-1,3.92
880,16880,-7,3.88
1004,15960,-14,3.81
68,16492,-17,3.70
536,16528,-24,3.57
1024,15536,-29,3.43
1168,16232,-30,3.28
52,15876,-33,3.10
1312,17052,-35,2.93
1576,16860,-32,2.79
1096,16004,-31,2.64
384,15244,-31,2.48
924,16108,-30,2.34
1192,16876,-28,2.21
1000,16224,-24,2.10
1188,15960,-20,2.01
1072,15960,-15,1.95
904,16556,-9,1.91
1336,15932,-5,1.91
740,16752,1,1.92
1744,16268,4,1.97
1188,16084,12,2.04
832,16472,17,2.13
1772,15924,25,2.28
1068,16036,33,2.46
1244,16488,36,2.65
696,16152,38,2.83
804,16648,37,3.02
1024,16056,36,3.20
920,16084,38,3.39
1204,16808,33,3.56
-184,16932,28,3.67
788,17328,19,3.76
608,16052,12,3.81
1268,16416,8,3.85
536,15940,5,3.86
-220,16540,-3,3.82
1040,17412,-13,3.75
-1372,16700,-16,3.61
1112,15768,-23,3.50
2408,18072,-25,3.41
-84,16824,-27,3.25
528,17072,-33,3.07
408,15680,-33,2.90
1652,15820,-33,2.76
1552,16652,-29,2.63
528,15740,-28,2.48
1376,16012,-27,2.37
1624,16976,-22,2.28
708,15852,-20,2.18
788,15612,-18,2.10
44,16560,-15,2.01
1888,16804,-13,1.97
1244,16252,-5,1.96
1344,15776,-2,1.97
960,15760,5,2.01
1220,16240,10,2.07
920,16344,15,2.15
1392,15944,21,2.28
1244,16556,23,2.41
-80,16256,24,2.51
876,15848,25,2.64
1576,16248,29,2.80
884,15916,33,2.97
592,16300,34,3.13
1420,16412,30,3.29
-1396,16200,24,3.35
528,17028,13,3.41
1660,15824,14,3.49
988,15800,16,3.57
1732,16904,14,3.66
-1732,16288,7,3.63
152,16132,-8,3.57
692,16416,-11,3.51
1720,16752,-11,3.47
1488,16336,-12,3.42
-1156,16012,-17,3.29
516,16216,-25,3.15
1380,16684,-25,3.04
216,15884,-27,2.89
1440,16352,-25,2.78
424,16080,-26,2.64
948,16140,-27,2.51
1584,16044,-24,2.41
652,15856,-20,2.31
472,16416,-20,2.21
1360,15704,-17,2.14
652,16872,-13,2.08
1820,15972,-11,2.05
1040,15996,-5,2.04
676,16216,-1,2.04
1152,15996,3,2.07
1548,16112,10,2.14
1348,16268,13,2.22
148,16100,16,2.29
1940,15812,18,2.41
756,16364,24,2.53
728,16252,27,2.66
1192,16088,29,2.82
716,17020,28,2.96
-192,16260,27,3.07
1120,15808,21,3.18
1228,16528,19,3.28
-348,16204,15,3.32
1612,16436,10,3.39
820,16244,12,3.44
652,17188,7,3.47
344,16432,3,3.47
1428,16628,0,3.48
1496,17060,-1,3.48
-868,14840,-7,3.40
416,17780,-17,3.31
1920,16448,-17,3.24
488,15100,-17,3.15
644,16516,-20,3.05
-292,16816,-23,2.90
1536,16408,-26,2.79
108,16628,-23,2.66
1252,17352,-22,2.56
1000,14032,-20,2.47
756,17944,-19,2.38
1404,14256,-17,2.31
1168,15608,-12,2.27
1080,16428,-8,2.24
1172,14472,-5,2.23
1264,16724,-2,2.23
632,16700,-2,2.22
900,16160,1,2.23
1068,17616,4,2.26
804,14284,5,2.29
1628,17528,9,2.36
1136,16820,12,2.43
1292,14760,13,2.51
1144,17220,17,2.60
1528,16196,19,2.71
728,16224,24,2.83
-300,17868,20,2.91
1752,16348,17,3.01
408,16188,17,3.09
1548,16660,14,3.17
908,15504,13,3.24
1220,17412,9,3.29
280,17012,9,3.32
2060,15344,3,3.36
516,16236,2,3.36
400,15384,-4,3.33
1488,17116,-6,3.31
-320,16332,-7,3.24
592,15632,-13,3.17
1116,16876,-14,3.11
640,15652,-12,3.04
-692,15512,-13,2.94
1396,17920,-15,2.88
352,16872,-15,2.79
1128,17092,-17,2.71
964,16276,-13,2.65
904,16596,-13,2.59
1580,17560,-11,2.55
636,16396,-9,2.51
728,16316,-9,2.46
1220,16452,-8,2.43
648,16008,-7,2.40
1096,16840,-5,2.38
1260,16576,-2,2.38
1496,16936,1,2.41
1436,15988,4,2.45
872,16220,6,2.48
1716,16048,5,2.53
908,16024,8,2.57
696,16180,5,2.60
2332,15668,6,2.67
292,16020,11,2.71
748,14812,9,2.76
1736,15788,10,2.83
300,16852,13,2.88
1480,16516,10,2.95
1656,15532,12,3.03
492,17328,11,3.07
904,15896,8,3.11
796,16736,6,3.14
1368,16652,5,3.17
876,16556,4,3.19
568,16748,2,3.19
1524,17084,-1,3.20
876,16956,-1,3.20
888,17384,-5,3.17
740,16012,-8,3.13
56,16824,-12,3.05
1784,17104,-15,2.99
1072,15604,-14,2.93
304,15972,-17,2.83
1632,16576,-18,2.76
772,15376,-16,2.68
1372,15608,-16,2.62
1220,15868,-13,2.57
1404,15648,-13,2.52
1532,16312,-11,2.48
0,15244,-13,2.40
1164,16476,-13,2.35
1320,15160,-10,2.31
480,16360,-4,2.29
-1256,15272,13,2.31
-2116,16880,27,2.38
-1480,15028,30,2.48
128,17064,34,2.63
1036,15404,32,2.80
3008,16620,35,3.02
1820,18252,32,3.20
3172,15864,21,3.36
4096,15420,11,3.49
3896,17464,-2,3.54
3916,15300,-15,3.53
3116,16992,-27,3.45
3044,16868,-39,3.30
2892,14440,-50,3.10
3256,18960,-57,2.86
2364,15588,-65,2.58
2500,16388,-71,2.26
3364,18332,-73,1.96
1360,13696,-76,1.60
2684,15944,-77,1.27
2020,17660,-77,0.92
1796,14684,-79,0.57
2156,17024,-79,0.22
1000,16384,-77,-0.14
1732,15164,-66,-0.42
1776,17036,-56,-0.66
7480,17704,-23,-0.62
-912,13596,-7,-0.67
5024,18020,17,-0.48
1552,15628,46,-0.21
2012,14284,59,0.14
1804,15940,76,0.56
1904,15996,87,1.03
0,15296,93,1.48
840,16348,96,1.97
632,15908,97,2.45
896,16212,97,2.94
904,16576,97,3.42
1332,15448,95,3.91
-1376,18156,82,4.26
2688,18140,63,4.60
-3344,14004,49,4.72
-2144,16052,7,4.68
-120,16760,-9,4.60
-2460,15816,-29,4.37
1540,15932,-48,4.13
-1136,16620,-55,3.81
-1096,17120,-70,3.41
764,15672,-77,3.03
512,16464,-80,2.62
1000,16420,-82,2.22
144,15952,-84,1.79
1468,16644,-82,1.40
56,15120,-78,1.01
1068,17004,-74,0.66
568,16144,-68,0.33
2440,16252,-56,0.11
1392,15880,-42,-0.07
1064,14024,-28,-0.18
1080,15648,-15,-0.23
3888,16304,1,-0.13
-184,14808,27,-0.00
4156,17936,42,0.29
676,14864,65,0.63
1032,15944,72,1.01
244,16692,81,1.41
1396,15084,81,1.84
1156,16124,85,2.27
560,16252,86,2.70
784,15676,85,3.12
1336,16252,86,3.56
552,17180,81,3.95
1072,18424,67,4.28
-4712,16912,45,4.37
3280,17472,11,4.47
-784,18804,-1,4.42
-812,17232,-23,4.26
296,16420,-36,4.06
-292,16760,-46,3.79
1480,18152,-56,3.52
748,15984,-61,3.21
384,16472,-65,2.88
1480,16212,-66,2.57
520,16548,-65,2.24
1228,16140,-66,1.92
508,15480,-62,1.62
636,16568,-60,1.32
1144,16396,-56,1.06
728,15956,-52,0.81
488,15768,-47,0.59
728,15960,-42,0.39
1848,16144,-29,0.29
272,16292,-14,0.22
3708,15448,2,0.32
2996,17132,24,0.50
80,15316,39,0.69
1832,15752,47,0.97
2400,16876,62,1.32
-336,15140,67,1.64
2124,16744,69,2.02
-88,16688,73,2.36
1160,15700,70,2.72
988,16348,72,3.09
612,16116,70,3.43
1200,17096,61,3.74
-2452,16216,48,3.89
-932,17000,14,3.92
3112,18052,5,3.98
-2344,15144,-1,3.89
2284,16028,-13,3.85
108,17028,-14,3.76
-324,16956,-29,3.58
208,17280,-40,3.37
944,17384,-44,3.15
1076,16312,-44,2.93
764,16136,-45,2.71
320,16348,-47,2.46
1540,15952,-46,2.26
1104,16704,-44,2.05
948,15932,-42,1.85
548,16480,-38,1.66
896,16696,-36,1.49
928,15568,-34,1.33
944,16544,-28,1.21
376,15740,-25,1.08
2116,16780,-17,1.04
588,15984,-7,1.01
1420,16084,4,1.06
2516,16172,21,1.21
1592,15648,33,1.41
1568,16472,46,1.66
468,15812,48,1.90
1208,15764,51,2.17
788,16416,53,2.44
716,16388,52,2.70
1552,17112,44,2.93
-3772,17340,32,2.99
756,16696,14,3.06
720,15812,15,3.13
544,16992,11,3.18
1168,16316,15,3.26
1024,15752,15,3.33
1704,16200,17,3.44
556,16336,15,3.50
-364,16876,-1,3.46
1564,16892,-9,3.43
316,15704,-10,3.37
2020,16872,-15,3.32
212,16008,-15,3.22
108,15844,-19,3.11
92,16824,-25,2.97
328,16324,-26,2.83
700,16220,-27,2.69
1116,16032,-28,2.56
1024,15436,-25,2.44
2520,15868,-21,2.38
4136,15876,-19,2.37
2348,15156,-13,2.35
2112,16552,-21,2.28
3348,17276,-23,2.22
2276,15536,-23,2.14
2756,16544,-25,2.07
2464,16116,-21,2.01
3272,16196,-19,1.98
3400,16884,-14,1.97
2372,15928,-10,1.96
3192,15856,-10,1.97
2180,16276,-11,1.96
2592,16204,-12,1.94
2620,15648,-13,1.93
2936,16812,-13,1.92
2520,16008,-15,1.89
1788,15848,-19,1.83
1444,16756,-25,1.72
1856,16264,-30,1.60
1792,16312,-34,1.47
1620,16784,-37,1.31
1192,16412,-43,1.11
1300,16304,-48,0.90
716,16588,-53,0.65
964,16376,-58,0.38
1252,16384,-59,0.11
1348,15996,-57,-0.14
248,16588,-52,-0.39
1436,16444,-48,-0.60
344,16248,-38,-0.77
944,16836,-21,-0.85
3584,17948,2,-0.76
1188,14484,29,-0.58
864,15232,42,-0.35
752,16736,49,-0.09
44,14232,56,0.19
1552,17100,63,0.54
92,18048,73,0.90
84,14236,76,1.27
512,17668,78,1.66
200,16492,79,2.05
36,14716,77,2.42
560,15888,76,2.80
456,16540,76,3.16
608,14680,75,3.53
1140,18228,70,3.88
256,15928,60,4.16
-2016,18356,38,4.28
-4332,16472,11,4.21
-2548,17396,-25,4.00
-3320,17864,-54,3.64
-1020,17360,-82,3.18
-836,16688,-95,2.67
1088,16132,-99,2.19
492,15836,-97,1.70
560,16760,-94,1.24
104,15800,-90,0.78
432,15384,-86,0.36
528,16544,-81,-0.03
2820,16924,-63,-0.28
-220,16124,-48,-0.52
2468,16136,-26,-0.59
-420,16636,-7,-0.63
2916,16100,7,-0.52
-20,15900,28,-0.38
-52,16200,39,-0.19
1692,15804,51,0.11
40,16300,61,0.41
36,16112,65,0.73
828,15456,69,1.09
152,16712,73,1.45
1152,15432,78,1.86
-260,17204,80,2.23
476,15464,81,2.63
172,16696,80,3.02
672,16256,80,3.41
952,14904,78,3.80
208,18432,69,4.12
-884,16292,56,4.35
784,18236,30,4.49
-2920,19756,10,4.45
-984,15444,-23,4.29
-1032,18704,-42,4.03
-2432,17232,-69,3.61
-292,16404,-86,3.15
-144,16992,-92,2.67
1436,15636,-94,2.22
528,17088,-89,1.77
-264,16008,-87,1.32
908,15756,-85,0.91
-280,16224,-79,0.51
720,15284,-74,0.15
3452,16396,-57,-0.05
-88,14796,-34,-0.22
3620,15800,-15,-0.21
600,15560,11,-0.14
484,14652,18,-0.04
1872,15840,31,0.16
-244,16724,44,0.37
944,16540,48,0.63
1188,16212,60,0.95
408,15264,68,1.30
620,16880,70,1.65
200,16068,72,2.00
128,17200,71,2.34
1252,16808,71,2.71
-296,15820,71,3.03
936,17188,68,3.37
200,16640,67,3.69
524,16176,61,3.98
456,15844,53,4.23
-2000,16468,38,4.34
504,16700,16,4.40
-2452,16608,-7,4.29
-128,16232,-34,4.08
-1904,17012,-52,3.76
-1880,17980,-74,3.33
1344,15320,-82,2.93
424,15872,-82,2.51
1060,17248,-82,2.11
484,16256,-78,1.72
724,16068,-76,1.35
320,16156,-72,0.99
384,16436,-65,0.67
928,15232,-53,0.43
1020,15620,-37,0.26
2696,16512,-23,0.21
544,15740,-4,0.20
2884,16200,6,0.30
1744,16384,27,0.47
-752,17332,34,0.62
1456,16448,41,0.85
472,15148,54,1.13
740,15288,59,1.43
836,16328,63,1.75
144,15956,65,2.07
228,16300,65,2.38
568,17144,65,2.70
156,16252,63,3.00
312,16684,60,3.29
12,16544,55,3.54
-388,16368,46,3.73
52,17296,36,3.89
-516,17588,27,3.99
-468,16212,9,3.99
664,17672,-2,3.97
-1984,17712,-26,3.77
-632,17024,-46,3.51
-968,16676,-60,3.16
1832,16352,-67,2.85
1036,15680,-57,2.57
132,16152,-57,2.28
1468,15988,-53,2.03
132,15960,-48,1.79
804,16736,-47,1.56
560,16200,-41,1.36
520,16360,-37,1.18
840,16296,-33,1.02
716,16276,-23,0.92
336,15892,-19,0.83
1488,16096,-8,0.82
292,15856,3,0.83
1680,16856,12,0.93
980,15788,22,1.05
628,16208,27,1.19
892,17572,34,1.37
896,15540,37,1.57
448,16024,40,1.77
812,16596,42,1.98
320,16016,44,2.20
812,15600,45,2.43
716,17000,45,2.65
196,15600,43,2.85
356,16092,39,3.03
176,16780,35,3.19
-748,16408,29,3.30
-196,17120,18,3.36
76,16868,11,3.39
-648,16740,1,3.36
88,16472,-6,3.31
404,16300,-11,3.25
344,16664,-15,3.16
-44,16388,-19,3.04
452,16452,-22,2.92
500,16140,-23,2.80
696,16216,-22,2.69
564,16048,-18,2.60
756,16352,-15,2.52
444,16028,-13,2.45
472,16320,-11,2.39
508,16324,-10,2.34
576,16540,-8,2.29
444,16300,-6,2.26
296,16316,-6,2.22
164,16320,-5,2.19
484,16160,-4,2.16
500,16356,-3,2.15
540,16216,-1,2.14
312,16304,0,2.13
320,16212,1,2.13
280,16240,0,2.12
364,16352,1,2.12
492,16300,2,2.13
392,16176,2,2.14
456,16200,3,2.15
316,16220,3,2.15
468,16296,5,2.18
664,16204,6,2.21
564,16308,7,2.24
452,16420,8,2.28
416,16112,9,2.32
476,16252,9,2.36
580,16324,10,2.40
576,16300,10,2.45
516,16248,11,2.50
656,16308,11,2.55
552,16412,12,2.61
716,16300,13,2.67
772,16256,13,2.74
688,16280,14,2.81
788,16376,14,2.88
644,16356,15,2.95
828,16280,16,3.02
864,16312,17,3.11
692,16304,18,3.19
912,16404,18,3.28
788,16260,19,3.37
928,16268,19,3.47
960,16324,20,3.57
752,16232,20,3.66
1080,16248,21,3.77
820,16264,21,3.86
912,16220,22,3.97
1236,16520,22,4.08
876,16188,22,4.18
76,16888,14,4.23
-656,17280,1,4.19
1136,17024,-12,4.13
644,17144,-17,4.03
1112,16712,-21,3.92
812,16512,-23,3.80
-264,17776,-28,3.63
628,16432,-35,3.45
292,16448,-36,3.25
424,16260,-39,3.05
1432,16608,-38,2.87
1136,16684,-34,2.71
968,16500,-31,2.56
1492,16200,-28,2.44
1200,15796,-23,2.34
1056,16164,-20,2.25
1828,16064,-12,2.22
584,15780,-6,2.19
2004,16416,1,2.22
1340,15996,9,2.28
1168,16140,13,2.36
1348,15852,18,2.47
680,16124,21,2.57
1060,16284,23,2.69
928,16376,26,2.83
1344,16072,29,2.98
1372,16184,34,3.16
1248,16124,35,3.35
1060,16380,34,3.52
-340,16904,29,3.63
1372,16280,25,3.76
1404,16492,25,3.89
1324,16392,24,4.02
440,16292,23,4.12
1016,16632,17,4.20
688,15860,12,4.24
232,16936,5,4.25
1024,16796,-4,4.22
360,15960,-12,4.14
96,16544,-20,4.02
1724,17300,-27,3.89
1488,16588,-29,3.76
464,16164,-34,3.58
1284,16452,-36,3.40
-244,17204,-36,3.20
504,16032,-41,2.98
2332,16960,-39,2.82
924,16048,-36,2.65
1300,15968,-38,2.47
916,15800,-34,2.31
1236,15508,-32,2.16
1796,17300,-27,2.05
240,15220,-22,1.94
1164,15612,-18,1.86
1688,16792,-10,1.84
1264,16036,-2,1.85
1140,15412,6,1.89
2156,16276,14,2.00
1060,15608,23,2.13
1220,16472,27,2.27
1180,16040,32,2.45
1068,16080,34,2.62
1124,16120,36,2.81
784,16200,35,2.98
744,16596,34,3.15
1784,15856,35,3.35
812,15644,38,3.53
2052,16684,38,3.74
856,16232,38,3.93
840,16256,36,4.10
1132,16264,31,4.25
660,16616,24,4.36
8,16064,15,4.41
-2944,16140,17,4.39
-4172,18016,16,4.36
-588,16840,9,4.36
144,14912,-5,4.31
4024,17724,-20,4.27
2488,15148,-24,4.18
2556,16848,-36,4.03
4032,17472,-44,3.87
2328,14212,-55,3.63
2208,18108,-68,3.32
2432,15700,-76,2.98
2288,15372,-81,2.61
2168,17728,-85,2.22
3848,15392,-87,1.86
2956,17496,-85,1.49
2992,16124,-83,1.14
2756,14724,-77,0.82
2860,16572,-73,0.52
2704,15764,-65,0.25
2268,15004,-60,0.01
3352,16364,-48,-0.15
3184,15612,-40,-0.27
7056,16884,-18,-0.21
-128,14420,-10,-0.26
5076,17236,-21,-0.26
4388,15228,-9,-0.19
4724,15204,-11,-0.13
7008,16196,-3,0.01
4160,16992,6,0.13
4508,15936,5,0.26
4168,16104,11,0.41
4456,17828,11,0.55
2128,15552,8,0.64
2012,16232,2,0.69
2344,17144,6,0.77
1152,14776,11,0.85
2552,18304,9,0.94
1704,15576,6,1.00
1008,16556,4,1.04
776,16864,3,1.06
788,15676,7,1.11
268,16472,9,1.15
848,17284,8,1.20
972,15424,10,1.27
748,18752,12,1.34
-696,15188,12,1.37
-964,16156,11,1.39
-220,15852,12,1.44
-132,15624,13,1.49
20,16884,13,1.55
532,16488,15,1.62
-1064,16156,14,1.66
192,17396,11,1.70
1720,16108,5,1.76
1480,15984,-4,1.76
1392,18116,-3,1.76
1004,14348,-2,1.77
1820,17148,-5,1.77
1864,17640,-9,1.76
628,17340,-14,1.69
1092,17388,-15,1.63
608,16496,-18,1.54
1144,17620,-19,1.46
-144,15688,-22,1.34
1136,19064,-24,1.23
-332,15576,-20,1.12
-688,17528,-17,1.01
-60,15544,-13,0.94
692,16968,-10,0.90
-320,16940,-8,0.84
-604,16508,-10,0.77
312,17448,-10,0.73
-1656,14188,-5,0.65
10056,19816,11,0.88
68,15016,16,0.96
1624,16016,0,0.99
352,18068,1,0.99
-132,14052,1,0.99
1076,16144,1,1.01
588,15720,0,1.02
1220,14424,2,1.05
1444,17232,2,1.09
168,15164,3,1.10
2432,17948,6,1.17
-1196,14664,10,1.19
-572,17572,7,1.20
-1044,14608,12,1.23
-560,16408,13,1.27
-960,16364,19,1.33
-1520,16116,24,1.41
-336,15716,26,1.52
-576,18948,27,1.63
-404,16856,27,1.75
216,13772,24,1.86
-620,18340,26,1.96
-716,14604,23,2.05
440,15608,25,2.17
228,14368,25,2.28
-28,15756,26,2.40
-1372,17688,21,2.46
-580,14928,20,2.52
-664,18588,16,2.57
-988,16056,16,2.61
-464,17220,16,2.67
-368,17388,13,2.70
-620,15592,10,2.72
-816,17280,11,2.74
-952,16508,13,2.76
-972,16692,14,2.79
-2408,16560,11,2.78
-116,17216,10,2.80
-1672,16032,10,2.80
-1256,17036,6,2.78
-1280,17232,5,2.76
-1388,17208,4,2.73
-280,15088,4,2.72
-1160,17640,7,2.72
-1660,15356,8,2.70
268,16544,10,2.74
916,17148,11,2.79
-1384,14988,7,2.77
-972,17132,5,2.76
-1188,16460,5,2.74
-1088,16448,4,2.71
-1064,16748,2,2.68
-912,16180,2,2.65
-1096,16460,0,2.61
-656,17132,-2,2.57
-1520,15784,-4,2.50
-600,15892,-3,2.45
-112,16952,-2,2.42
944,15600,2,2.44
532,16860,-2,2.42
-768,15848,-4,2.37
-972,16524,-4,2.31
-428,16880,-3,2.27
-564,15744,-3,2.23
-156,17140,-2,2.20
28,16136,2,2.20
556,15784,1,2.20
1508,16956,1,2.23
564,15732,2,2.23
-28,16020,2,2.23
124,16896,2,2.23
76,15924,2,2.22
-304,17232,1,2.21
308,15904,1,2.21
-36,16192,3,2.20
16,16068,4,2.21
944,16504,5,2.24
52,16748,5,2.25
